350	2.65710276	1.49425004
400	2.65922574	1.3947257
450	2.56492499	1.33204881
500	2.41049773	1.33819699
550	2.22725085	1.42017595
600	2.0416468	1.57857208
650	1.88057391	1.80629742
700	1.76574166	2.08433281
750	1.70533732	2.38772843
800	1.69557183	2.6959096
850	1.72800944	2.99601394
900	1.79419404	3.28073886
950	1.88680228	3.54573271
1000	1.99935832	3.78814242
1050	2.12573192	4.00611215
1100	2.25984409	4.19879592
1150	2.39567658	4.36655735
1200	2.52754863	4.51112748
1250	2.65054593	4.63557436
1300	2.76094541	4.74403305
1350	2.85649228	4.84124381
1400	2.93644961	4.93201433
1450	3.00142594	5.02073462
1500	3.05305056	5.11103498
1550	3.09359017	5.20561903
1600	3.12558783	5.30625309
1650	3.15157366	5.41386623
1700	3.1738658	5.52871003
1750	3.19445692	5.65053582
1800	3.21496971	5.77876067
1850	3.23666085	5.9126068
1900	3.26045469	6.05120898
1950	3.28699154	6.19369099
2000	3.31668007	6.33921571
2050	3.34974727	6.48701454
2100	3.38628259	6.63640185
2150	3.42627476	6.78677908
2200	3.46964147	6.93763249
2250	3.51625244	7.08852701
2300	3.56594686	7.23909842
2350	3.61854643	7.38904476
2400	3.67386467	7.53811804
2450	3.73171355	7.68611639
2500	3.79190806	7.8328771
2550	3.85426918	7.97827049
2600	3.91862577	8.1221945
2650	3.98481568	8.26457024
2700	4.05268624	8.40533807
2750	4.12209435	8.54445438
2800	4.1929064	8.68188885
2850	4.2649979	8.81762219
2900	4.33825307	8.9516442
2950	4.41256438	9.08395221
3000	4.48783203	9.21454976
3050	4.56396342	9.34344547
3100	4.64087268	9.47065214
3150	4.71848016	9.59618594
3200	4.79671198	9.72006583
3250	4.87549961	9.84231299
3300	4.95477944	9.96295034
3350	5.03449244	10.0820022
3400	5.1145838	10.199494
3450	5.1950026	10.315452
3500	5.27570154	10.429903
3550	5.35663666	10.5428741
3600	5.4377671	10.6543929
3650	5.51905486	10.764487
3700	5.6004646	10.8731838
3750	5.68196344	10.9805111
3800	5.76352082	11.086496
3850	5.84510828	11.1911657
3900	5.92669935	11.2945471
3950	6.00826943	11.3966667
4000	6.08979561	11.4975506
4050	6.17125658	11.5972246
4100	6.25263256	11.695714
4150	6.33390513	11.7930439
4200	6.41505718	11.8892387
4250	6.49607283	11.9843225
4300	6.57693733	12.0783188
4350	6.657637	12.1712506
4400	6.73815915	12.2631408
4450	6.81849203	12.3540113
4500	6.89862476	12.443884
4550	6.97854729	12.5327799
4600	7.05825031	12.62072
4650	7.13772527	12.7077244
4700	7.21696427	12.793813
4750	7.29596004	12.8790051
4800	7.37470593	12.9633198
4850	7.45319581	13.0467754
4900	7.53142411	13.1293901
4950	7.60938574	13.2111815
5000	7.68707605	13.2921668
5050	7.76449086	13.3723627
5100	7.84162638	13.4517857
5150	7.91847919	13.5304519
5200	7.99504624	13.6083767
5250	8.07132482	13.6855755
5300	8.14731254	13.7620632
5350	8.2230073	13.8378542
5400	8.29840727	13.9129626
5450	8.37351089	13.9874025
5500	8.44831686	14.0611871
5550	8.52282408	14.1343296
5600	8.5970317	14.206843
5650	8.67093904	14.2787396
5700	8.74454562	14.3500317
5750	8.81785116	14.4207312
5800	8.89085552	14.4908498
5850	8.96355873	14.5603987
5900	9.03596095	14.6293891
5950	9.1080625	14.6978316
6000	9.1798638	14.765737
