0.0000003	1.76256	0.00
0.00000032	1.75217	0.00
0.00000034	1.74386	0.00
0.00000036	1.7371	0.00
0.00000038	1.73152	0.00
0.0000004	1.72685	0.00
0.00000042	1.72291	0.00
0.00000044	1.71954	0.00
0.00000046	1.71664	0.00
0.00000048	1.71412	0.00
0.0000005	1.71191	0.00
0.00000052	1.70996	0.00
0.00000054	1.70824	0.00
0.00000056	1.70669	0.00
0.00000058	1.70531	0.00
0.0000006	1.70406	0.00
0.00000062	1.70292	0.00
0.00000064	1.70189	0.00
0.00000066	1.70094	0.00
0.00000068	1.70007	0.00
0.0000007	1.69927	0.00
0.00000072	1.69853	0.00
0.00000074	1.69783	0.00
0.00000076	1.69719	0.00
0.00000078	1.69658	0.00
0.0000008	1.69601	0.00
0.00000082	1.69547	0.00
0.00000084	1.69496	0.00
0.00000086	1.69448	0.00
0.00000088	1.69402	0.00
0.0000009	1.69358	0.00
0.00000092	1.69316	0.00
0.00000094	1.69276	0.00
0.00000096	1.69237	0.00
0.00000098	1.69199	0.00
0.000001	1.69163	0.00
0.00000102	1.69128	0.00
0.00000104	1.69094	0.00
0.00000106	1.69061	0.00
0.00000108	1.69028	0.00
0.0000011	1.68996	0.00
0.00000112	1.68965	0.00
0.00000114	1.68935	0.00
0.00000116	1.68905	0.00
0.00000118	1.68876	0.00
0.0000012	1.68847	0.00
0.00000122	1.68818	0.00
0.00000124	1.6879	0.00
0.00000126	1.68762	0.00
0.00000128	1.68734	0.00
0.0000013	1.68707	0.00
0.00000132	1.6868	0.00
0.00000134	1.68652	0.00
0.00000136	1.68625	0.00
0.00000138	1.68599	0.00
0.0000014	1.68572	0.00
0.00000142	1.68545	0.00
0.00000144	1.68519	0.00
0.00000146	1.68492	0.00
0.00000148	1.68465	0.00
0.0000015	1.68439	0.00
0.00000152	1.68412	0.00
0.00000154	1.68386	0.00
0.00000156	1.68359	0.00
0.00000158	1.68332	0.00
0.0000016	1.68305	0.00
0.00000162	1.68278	0.00
0.00000164	1.68251	0.00
0.00000166	1.68224	0.00
0.00000168	1.68197	0.00
0.0000017	1.6817	0.00
0.00000172	1.68142	0.00
0.00000174	1.68115	0.00
0.00000176	1.68087	0.00
0.00000178	1.68059	0.00
0.0000018	1.68031	0.00
0.00000182	1.68003	0.00
0.00000184	1.67975	0.00
0.00000186	1.67946	0.00
0.00000188	1.67918	0.00
0.0000019	1.67889	0.00
0.00000192	1.6786	0.00
0.00000194	1.6783	0.00
0.00000196	1.67801	0.00
0.00000198	1.67771	0.00
0.000002	1.67741	0.00
0.00000202	1.67711	0.00
0.00000204	1.67681	0.00
0.00000206	1.6765	0.00
0.00000208	1.6762	0.00
0.0000021	1.67589	0.00
0.00000212	1.67557	0.00
0.00000214	1.67526	0.00
0.00000216	1.67494	0.00
0.00000218	1.67462	0.00
0.0000022	1.6743	0.00
0.00000222	1.67398	0.00
0.00000224	1.67365	0.00
0.00000226	1.67332	0.00
0.00000228	1.67299	0.00
0.0000023	1.67265	0.00
2.3188E-06	1.67233	0.00
2.3398E-06	1.67198	0.00
2.3568E-06	1.67169	0.00
2.3784E-06	1.67132	0.00
0.000002396	1.67101	0.00
2.4183E-06	1.67062	0.00
2.4365E-06	1.6703	0.00
2.4596E-06	1.66989	0.00
2.4784E-06	1.66955	0.00
2.4975E-06	1.6692	0.00
2.5169E-06	1.66885	0.00
2.5366E-06	1.66849	0.00
2.5567E-06	1.66812	0.00
0.000002577	1.66774	0.00
2.5976E-06	1.66735	0.00
2.6186E-06	1.66695	0.00
0.00000264	1.66655	0.00
2.6562E-06	1.66623	0.00
2.6782E-06	1.66581	0.00
2.6949E-06	1.66548	0.00
2.7175E-06	1.66504	0.00
2.7347E-06	1.6647	0.00
2.7579E-06	1.66423	0.00
2.7756E-06	1.66387	0.00
2.7996E-06	1.66339	0.00
2.8179E-06	1.66301	0.00
2.8364E-06	1.66263	0.00
2.8551E-06	1.66224	0.00
2.8741E-06	1.66185	0.00
2.8998E-06	1.6613	0.00
2.9194E-06	1.66089	0.00
2.9393E-06	1.66046	0.00
2.9594E-06	1.66003	0.00
2.9798E-06	1.65958	0.00
2.9936E-06	1.65928	0.00
3.0145E-06	1.65882	0.00
3.0357E-06	1.65835	0.00
3.0571E-06	1.65787	0.00
3.0789E-06	1.65738	0.00
3.0936E-06	1.65705	0.00
3.1159E-06	1.65653	0.00
3.1386E-06	1.65601	0.00
3.1538E-06	1.65566	0.00
0.000003177	1.65512	0.00
3.1927E-06	1.65475	0.00
3.2164E-06	1.65418	0.00
3.2325E-06	1.6538	0.00
3.2569E-06	1.65321	0.00
3.2733E-06	1.65281	0.00
3.2983E-06	1.6522	0.00
3.3152E-06	1.65179	0.00
3.3322E-06	1.65136	0.00
3.3581E-06	1.65072	0.00
3.3756E-06	1.65028	0.00
3.3933E-06	1.64983	0.00
3.4111E-06	1.64937	0.00
3.4383E-06	1.64868	0.00
3.4566E-06	1.6482	0.00
3.4751E-06	1.64772	0.00
3.4939E-06	1.64723	0.00
3.5128E-06	1.64672	0.00
0.000003532	1.64622	0.00
3.5513E-06	1.6457	0.00
3.5709E-06	1.64517	0.00
3.5907E-06	1.64463	0.00
3.6107E-06	1.64408	0.00
3.6309E-06	1.64353	0.00
3.6513E-06	1.64296	0.00
0.000003672	1.64238	0.00
0.000003693	1.64179	0.00
3.7141E-06	1.64119	0.00
3.7355E-06	1.64058	0.00
3.7572E-06	1.63996	0.00
3.7791E-06	1.63932	0.00
3.7901E-06	1.639	0.00
3.8124E-06	1.63835	0.00
0.000003835	1.63768	0.00
3.8578E-06	1.637	0.00
3.8693E-06	1.63665	0.00
3.8926E-06	1.63595	0.00
3.9161E-06	1.63524	0.00
3.9399E-06	1.63451	0.00
3.9519E-06	1.63414	0.00
3.9762E-06	1.63339	0.00
3.9884E-06	1.633	0.00
4.0131E-06	1.63223	0.00
4.0381E-06	1.63144	0.00
4.0507E-06	1.63103	0.00
4.0762E-06	1.63022	0.00
0.000004089	1.6298	0.00
0.000004115	1.62896	0.00
4.1281E-06	1.62853	0.00
4.1546E-06	1.62766	0.00
4.1679E-06	1.62721	0.00
4.1949E-06	1.62631	0.00
4.2085E-06	1.62586	0.00
0.000004236	1.62492	0.00
4.2499E-06	1.62445	0.00
0.000004278	1.62349	0.00
4.2921E-06	1.623	0.00
4.3064E-06	1.6225	0.00
4.3352E-06	1.62149	0.00
4.3498E-06	1.62098	0.00
4.3791E-06	1.61994	0.00
0.000004394	1.61941	0.00
4.4089E-06	1.61887	0.00
4.4391E-06	1.61778	0.00
4.4544E-06	1.61722	0.00
4.4697E-06	1.61666	0.00
4.4852E-06	1.61609	0.00
4.5165E-06	1.61493	0.00
4.5323E-06	1.61433	0.00
4.5482E-06	1.61374	0.00
4.5642E-06	1.61313	0.00
4.5965E-06	1.6119	0.00
4.6129E-06	1.61127	0.00
4.6294E-06	1.61063	0.00
0.000004646	1.60998	0.00
4.6795E-06	1.60867	0.00
4.6965E-06	1.608	0.00
4.7136E-06	1.60732	0.00
4.7308E-06	1.60663	0.00
4.7481E-06	1.60593	0.00
4.7655E-06	1.60523	0.00
4.7831E-06	1.60451	0.00
4.8187E-06	1.60305	0.00
4.8367E-06	1.60231	0.00
4.8548E-06	1.60155	0.00
0.000004873	1.60079	0.00
4.8914E-06	1.60001	0.00
0.00000491	1.59923	0.00
4.9286E-06	1.59843	0.00
4.9474E-06	1.59762	0.00
4.9664E-06	1.5968	0.00
4.9855E-06	1.59597	0.00
5.0047E-06	1.59513	0.00
5.0241E-06	1.59428	0.00
5.0437E-06	1.59341	0.00
5.0634E-06	1.59253	0.00
5.0832E-06	1.59164	0.00
5.1033E-06	1.59073	0.00
5.1234E-06	1.58982	0.00
5.1438E-06	1.58888	0.00
5.1643E-06	1.58794	0.00
5.1849E-06	1.58698	0.00
5.2057E-06	1.586	0.00
5.2267E-06	1.58502	0.00
5.2479E-06	1.58401	0.00
5.2692E-06	1.58299	0.00
5.2907E-06	1.58196	0.00
5.3124E-06	1.58091	0.00
5.3343E-06	1.57984	0.00
5.3563E-06	1.57875	0.00
5.3785E-06	1.57765	0.00
5.4009E-06	1.57653	0.00
5.4235E-06	1.5754	0.00
5.4463E-06	1.57424	0.00
5.4693E-06	1.57307	0.00
5.4925E-06	1.57187	0.00
5.5159E-06	1.57066	0.00
5.5394E-06	1.56943	0.00
5.5632E-06	1.56817	0.00
5.5872E-06	1.5669	0.00
5.6114E-06	1.5656	0.00
5.6358E-06	1.56428	0.00
5.6604E-06	1.56294	0.00
5.6852E-06	1.56157	0.00
5.7103E-06	1.56018	0.00
5.7355E-06	1.55877	0.00
0.000005761	1.55733	0.00
5.7867E-06	1.55587	0.00
5.8127E-06	1.55437	0.00
5.8389E-06	1.55286	0.00
5.8653E-06	1.55131	0.00
5.8919E-06	1.54973	0.00
5.9188E-06	1.54813	0.00
0.000005946	1.5465	0.00
5.9734E-06	1.54483	0.00
6.0011E-06	1.54313	0.00
0.000006029	1.5414	0.00
6.0571E-06	1.53964	0.00
6.0856E-06	1.53784	0.00
6.1143E-06	1.536	0.00
6.1433E-06	1.53413	0.00
6.1725E-06	1.53222	0.00
0.000006202	1.53027	0.00
6.2319E-06	1.52829	0.00
0.000006262	1.52626	0.00
6.2924E-06	1.52418	0.00
6.3231E-06	1.52207	0.00
6.3541E-06	1.5199	0.00
6.3854E-06	1.5177	0.00
0.000006417	1.51544	0.00
6.4489E-06	1.51313	0.00
6.4811E-06	1.51077	0.00
6.5137E-06	1.50836	0.00
6.5466E-06	1.50589	0.00
6.5798E-06	1.50337	0.00
6.6134E-06	1.50079	0.00
6.6473E-06	1.49815	0.00
6.6816E-06	1.49544	0.00
6.7162E-06	1.49267	0.00
6.7512E-06	1.48983	0.00
6.7865E-06	1.48692	0.00
6.8223E-06	1.48394	0.00
6.8583E-06	1.48089	0.00
6.8948E-06	1.47776	0.00
6.9317E-06	1.47454	0.00
0.000006969	1.47125	0.00
7.0066E-06	1.46786	0.00
7.0447E-06	1.46439	0.00
7.0832E-06	1.46082	0.00
7.1221E-06	1.45716	0.00
7.1615E-06	1.45339	0.00
7.2013E-06	1.44952	0.00
7.2415E-06	1.44554	0.00
7.2822E-06	1.44144	0.00
7.3233E-06	1.43723	0.00
7.3649E-06	1.43289	0.00
0.000007407	1.42842	0.00
7.4496E-06	1.42382	0.00
7.4926E-06	1.41908	0.00
7.5362E-06	1.41419	0.00
7.5803E-06	1.40914	0.00
7.6249E-06	1.40393	0.00
0.00000767	1.39856	0.00
7.7156E-06	1.39301	0.00
7.7618E-06	1.38727	0.00
7.8086E-06	1.38134	0.00
7.8559E-06	1.37521	0.00
7.9038E-06	1.36886	0.00
7.9523E-06	1.36228	0.00
8.0014E-06	1.35547	0.00
8.0511E-06	1.3484	0.00
8.1014E-06	1.34107	0.00
8.1524E-06	1.33346	0.00
0.000008204	1.32555	0.00
8.2562E-06	1.31733	0.00
8.3091E-06	1.30877	0.00
8.3628E-06	1.29985	0.00
8.4171E-06	1.29056	0.00
8.4721E-06	1.28086	0.00
8.5278E-06	1.27073	0.00
8.5843E-06	1.26014	0.00
8.6415E-06	1.24905	0.00
8.6995E-06	1.23743	0.00
8.7583E-06	1.22523	0.00
8.8179E-06	1.21242	0.00
8.8783E-06	1.19894	0.00
8.9395E-06	1.18475	0.00
9.0016E-06	1.16977	0.00
9.0645E-06	1.15395	0.00
9.1284E-06	1.13722	0.00
9.1931E-06	1.1195	0.00
9.2588E-06	1.1007	0.00
9.3254E-06	1.08074	0.00
0.000009393	1.05953	0.00
9.4615E-06	1.03695	0.00
9.5311E-06	1.01291	0.00
9.6017E-06	0.9873	0.00
9.6733E-06	0.96001	0.00
9.7461E-06	0.93098	0.00
9.8199E-06	0.90015	0.00
9.8949E-06	0.86754	0.00
0.000009971	0.83328	0.00
0.000010048	0.79768	0.00
0.000010127	0.76136	0.00
0.000010207	0.72535	0.00
0.000010288	0.69116	0.00
0.00001037	0.66067	0.00
0.000010453	0.6358	0.00
0.000010538	0.61789	0.00
0.000010625	0.60742	0.00
0.000010713	0.60413	0.00
0.000010802	0.60731	0.00
0.000010893	0.61616	0.00
0.000010985	0.62993	0.00
0.000011079	0.64801	0.00
0.000011174	0.66991	0.00
0.000011272	0.69524	0.00
0.00001137	0.7237	0.00
0.000011471	0.75504	0.00
0.000011573	0.78907	0.00
0.000011678	0.8256	0.00
0.000011784	0.86446	0.00
0.000011892	0.90553	0.00
0.000012002	0.94865	0.00
0.000012114	0.99367	0.00
0.000012229	1.04045	0.00
0.000012345	1.08885	0.00
0.000012464	1.13869	0.00
0.000012585	1.18982	0.00
0.000012708	1.24208	0.00
0.000012834	1.29528	0.00
0.000012962	1.34923	0.00
0.000013093	1.40375	0.00
0.000013227	1.45866	0.00
0.000013363	1.51373	0.00
0.000013502	1.56878	0.00
0.000013645	1.6236	0.00
0.00001379	1.67799	0.00
0.000013938	1.73175	0.00
0.000014089	1.78469	0.00
0.000014244	1.83659	0.00
0.000014403	1.88729	0.00
0.000014564	1.93661	0.00
0.00001473	1.98438	0.00
0.000014899	2.03042	0.00
0.000015072	2.07462	0.00
0.00001525	2.11684	0.00
0.000015431	2.15695	0.00
0.000015617	2.19487	0.00
0.000015808	2.23051	0.00
0.000016003	2.26381	0.00
0.000016203	2.29473	0.00
0.000016408	2.32325	0.00
0.000016618	2.34936	0.00
0.000016834	2.37308	0.00
0.000017056	2.39443	0.00
0.000017283	2.41348	0.00
0.000017517	2.4303	0.00
0.000017757	2.44497	0.00
0.000018003	2.45759	0.00
