  going to read from file input.txt
Nmin_Nmax
  INVALID CHOICE FOR ALLOY!
  DEFAULTING TO MAXWELL-GARNETT
  NOT W
#  There are 4001 elements in file DIEL/W_Palik.txt
#  There are 4001 elements in file DIEL/HfN_Spline.txt
#  There are 4001 elements in file DIEL/Al2O3_Spline.txt
#  There are 4001 elements in file DIEL/HfO2_Spline.txt
#  Read from files!
#  Read 4001 entries from file DIEL/W_Palik.txt
#  Read 4001 entries from file DIEL/HfN_Spline.txt
#  Read 4001 entries from file DIEL/Al2O3_Spline.txt
  7
  20
  13
  d1 between 0.050000 and 0.300000 in increments of 0.020833
  d2 between 0.050000 and 0.300000 in increments of 0.020833
  vf between 0.010000 and 0.100000 in increments of 0.007500
  T between 1473.000000 and 1500.000000 in increments of 2.250000
  NL d1        d2       d3        d4         Temp         SE                SD
 7 0.050000 0.050000 0.010000 0.005000 1473.000000 4.1207772268e-01 1.3582175803e+04
 7 0.050000 0.050000 0.010000 0.005833 1473.000000 4.0255669075e-01 1.3435560366e+04
 7 0.050000 0.050000 0.010000 0.006667 1473.000000 3.9422318995e-01 1.3266193880e+04
 7 0.050000 0.050000 0.010000 0.007500 1473.000000 3.8689228997e-01 1.3083459688e+04
 7 0.050000 0.050000 0.010000 0.008333 1473.000000 3.8041721621e-01 1.2894024711e+04
 7 0.050000 0.050000 0.010000 0.009167 1473.000000 3.7467925535e-01 1.2702619119e+04
 7 0.050000 0.050000 0.010000 0.010000 1473.000000 3.6958091247e-01 1.2512580658e+04
 7 0.050000 0.050000 0.010000 0.010833 1473.000000 3.6504109755e-01 1.2326238998e+04
 7 0.050000 0.050000 0.010000 0.011667 1473.000000 3.6099163542e-01 1.2145189940e+04
 7 0.050000 0.050000 0.010000 0.012500 1473.000000 3.5737467200e-01 1.1970492871e+04
 7 0.050000 0.050000 0.010000 0.013333 1473.000000 3.5414070711e-01 1.1802814170e+04
 7 0.050000 0.050000 0.010000 0.014167 1473.000000 3.5124707725e-01 1.1642532152e+04
 7 0.050000 0.050000 0.010000 0.015000 1473.000000 3.4865676885e-01 1.1489814388e+04
 7 0.050000 0.050000 0.017500 0.005000 1473.000000 3.9950895184e-01 1.5465674407e+04
 7 0.050000 0.050000 0.017500 0.005833 1473.000000 3.9048288164e-01 1.5265804431e+04
 7 0.050000 0.050000 0.017500 0.006667 1473.000000 3.8275881743e-01 1.5031424104e+04
 7 0.050000 0.050000 0.017500 0.007500 1473.000000 3.7609638494e-01 1.4778008046e+04
 7 0.050000 0.050000 0.017500 0.008333 1473.000000 3.7031309204e-01 1.4516008114e+04
 7 0.050000 0.050000 0.017500 0.009167 1473.000000 3.6526694256e-01 1.4252477885e+04
 7 0.050000 0.050000 0.017500 0.010000 1473.000000 3.6084526362e-01 1.3992145628e+04
 7 0.050000 0.050000 0.017500 0.010833 1473.000000 3.5695720099e-01 1.3738133943e+04
 7 0.050000 0.050000 0.017500 0.011667 1473.000000 3.5352849561e-01 1.3492449002e+04
 7 0.050000 0.050000 0.017500 0.012500 1473.000000 3.5049774186e-01 1.3256317177e+04
 7 0.050000 0.050000 0.017500 0.013333 1473.000000 3.4781364299e-01 1.3030419107e+04
 7 0.050000 0.050000 0.017500 0.014167 1473.000000 3.4543295851e-01 1.2815053944e+04
 7 0.050000 0.050000 0.017500 0.015000 1473.000000 3.4331894351e-01 1.2610255514e+04
 7 0.050000 0.050000 0.025000 0.005000 1473.000000 3.9031705942e-01 1.7496747693e+04
 7 0.050000 0.050000 0.025000 0.005833 1473.000000 3.8181487058e-01 1.7199122790e+04
 7 0.050000 0.050000 0.025000 0.006667 1473.000000 3.7465707592e-01 1.6862457514e+04
 7 0.050000 0.050000 0.025000 0.007500 1473.000000 3.6857091511e-01 1.6507662562e+04
 7 0.050000 0.050000 0.025000 0.008333 1473.000000 3.6335456735e-01 1.6148090355e+04
 7 0.050000 0.050000 0.025000 0.009167 1473.000000 3.5885453053e-01 1.5792225387e+04
 7 0.050000 0.050000 0.025000 0.010000 1473.000000 3.5495147885e-01 1.5445375618e+04
 7 0.050000 0.050000 0.025000 0.010833 1473.000000 3.5155098490e-01 1.5110755941e+04
 7 0.050000 0.050000 0.025000 0.011667 1473.000000 3.4857719687e-01 1.4790193485e+04
 7 0.050000 0.050000 0.025000 0.012500 1473.000000 3.4596839618e-01 1.4484593138e+04
 7 0.050000 0.050000 0.025000 0.013333 1473.000000 3.4367379758e-01 1.4194248373e+04
 7 0.050000 0.050000 0.025000 0.014167 1473.000000 3.4165119604e-01 1.3919050762e+04
 7 0.050000 0.050000 0.025000 0.015000 1473.000000 3.3986520588e-01 1.3658632221e+04
 7 0.050000 0.050000 0.032500 0.005000 1473.000000 3.8365503592e-01 1.9621350414e+04
 7 0.050000 0.050000 0.032500 0.005833 1473.000000 3.7561986448e-01 1.9185862807e+04
 7 0.050000 0.050000 0.032500 0.006667 1473.000000 3.6893774537e-01 1.8715301875e+04
 7 0.050000 0.050000 0.032500 0.007500 1473.000000 3.6331698025e-01 1.8234535922e+04
 7 0.050000 0.050000 0.032500 0.008333 1473.000000 3.5854534002e-01 1.7758440799e+04
 7 0.050000 0.050000 0.032500 0.009167 1473.000000 3.5446384742e-01 1.7295762387e+04
 7 0.050000 0.050000 0.032500 0.010000 1473.000000 3.5095063812e-01 1.6851436437e+04
 7 0.050000 0.050000 0.032500 0.010833 1473.000000 3.4791051850e-01 1.6428011742e+04
 7 0.050000 0.050000 0.032500 0.011667 1473.000000 3.4526794076e-01 1.6026538745e+04
 7 0.050000 0.050000 0.032500 0.012500 1473.000000 3.4296212791e-01 1.5647132342e+04
 7 0.050000 0.050000 0.032500 0.013333 1473.000000 3.4094360329e-01 1.5289332314e+04
 7 0.050000 0.050000 0.032500 0.014167 1473.000000 3.3917166717e-01 1.4952335937e+04
 7 0.050000 0.050000 0.032500 0.015000 1473.000000 3.3761252843e-01 1.4635148724e+04
 7 0.050000 0.050000 0.040000 0.005000 1473.000000 3.7887861293e-01 2.1806197025e+04
 7 0.050000 0.050000 0.040000 0.005833 1473.000000 3.7123186277e-01 2.1197809312e+04
 7 0.050000 0.050000 0.040000 0.006667 1473.000000 3.6493165201e-01 2.0567024210e+04
 7 0.050000 0.050000 0.040000 0.007500 1473.000000 3.5967509102e-01 1.9940737939e+04
 7 0.050000 0.050000 0.040000 0.008333 1473.000000 3.5524444914e-01 1.9333757132e+04
 7 0.050000 0.050000 0.040000 0.009167 1473.000000 3.5147842261e-01 1.8753838815e+04
 7 0.050000 0.050000 0.040000 0.010000 1473.000000 3.4825462401e-01 1.8204587422e+04
 7 0.050000 0.050000 0.040000 0.010833 1473.000000 3.4547835921e-01 1.7687157661e+04
 7 0.050000 0.050000 0.040000 0.011667 1473.000000 3.4307514637e-01 1.7201273098e+04
 7 0.050000 0.050000 0.040000 0.012500 1473.000000 3.4098557051e-01 1.6745843253e+04
 7 0.050000 0.050000 0.040000 0.013333 1473.000000 3.3916165197e-01 1.6319340356e+04
 7 0.050000 0.050000 0.040000 0.014167 1473.000000 3.3756422747e-01 1.5920029854e+04
 7 0.050000 0.050000 0.040000 0.015000 1473.000000 3.3616102571e-01 1.5546110710e+04
 7 0.050000 0.050000 0.047500 0.005000 1473.000000 3.7552631114e-01 2.4030787754e+04
 7 0.050000 0.050000 0.047500 0.005833 1473.000000 3.6819089248e-01 2.3219579355e+04
 7 0.050000 0.050000 0.047500 0.006667 1473.000000 3.6218863328e-01 2.2406857798e+04
 7 0.050000 0.050000 0.047500 0.007500 1473.000000 3.5721035787e-01 2.1619493460e+04
 7 0.050000 0.050000 0.047500 0.008333 1473.000000 3.5303579760e-01 2.0870625767e+04
 7 0.050000 0.050000 0.047500 0.009167 1473.000000 3.4950310065e-01 2.0165821826e+04
 7 0.050000 0.050000 0.047500 0.010000 1473.000000 3.4649039024e-01 1.9506465449e+04
 7 0.050000 0.050000 0.047500 0.010833 1473.000000 3.4390403044e-01 1.8891662643e+04
 7 0.050000 0.050000 0.047500 0.011667 1473.000000 3.4167085943e-01 1.8319328931e+04
 7 0.050000 0.050000 0.047500 0.012500 1473.000000 3.3973288351e-01 1.7786814482e+04
 7 0.050000 0.050000 0.047500 0.013333 1473.000000 3.3804355612e-01 1.7291263112e+04
 7 0.050000 0.050000 0.047500 0.014167 1473.000000 3.3656511005e-01 1.6829815778e+04
 7 0.050000 0.050000 0.047500 0.015000 1473.000000 3.3526660787e-01 1.6399722314e+04
 7 0.050000 0.050000 0.055000 0.005000 1473.000000 3.7326901621e-01 2.6281743274e+04
 7 0.050000 0.050000 0.055000 0.005833 1473.000000 3.6617742771e-01 2.5242908112e+04
 7 0.050000 0.050000 0.055000 0.006667 1473.000000 3.6040186335e-01 2.4230630153e+04
 7 0.050000 0.050000 0.055000 0.007500 1473.000000 3.5563061885e-01 2.3269852525e+04
 7 0.050000 0.050000 0.055000 0.008333 1473.000000 3.5164303247e-01 2.2370604335e+04
 7 0.050000 0.050000 0.055000 0.009167 1473.000000 3.4827788645e-01 2.1535200069e+04
 7 0.050000 0.050000 0.055000 0.010000 1473.000000 3.4541441403e-01 2.0762030198e+04
 7 0.050000 0.050000 0.055000 0.010833 1473.000000 3.4296028342e-01 2.0047592776e+04
 7 0.050000 0.050000 0.055000 0.011667 1473.000000 3.4084368612e-01 1.9387590829e+04
 7 0.050000 0.050000 0.055000 0.012500 1473.000000 3.3900795755e-01 1.8777522391e+04
 7 0.050000 0.050000 0.055000 0.013333 1473.000000 3.3740782070e-01 1.8212990547e+04
 7 0.050000 0.050000 0.055000 0.014167 1473.000000 3.3600670305e-01 1.7689857522e+04
 7 0.050000 0.050000 0.055000 0.015000 1473.000000 3.3477478233e-01 1.7204311807e+04
 7 0.050000 0.050000 0.062500 0.005000 1473.000000 3.7186627752e-01 2.8548785072e+04
 7 0.050000 0.050000 0.062500 0.005833 1473.000000 3.6496374606e-01 2.7262799666e+04
 7 0.050000 0.050000 0.062500 0.006667 1473.000000 3.5935659650e-01 2.6037191343e+04
 7 0.050000 0.050000 0.062500 0.007500 1473.000000 3.5473419945e-01 2.4893453382e+04
 7 0.050000 0.050000 0.062500 0.008333 1473.000000 3.5087747052e-01 2.3837341023e+04
 7 0.050000 0.050000 0.062500 0.009167 1473.000000 3.4762684807e-01 2.2867057631e+04
 7 0.050000 0.050000 0.062500 0.010000 1473.000000 3.4486314436e-01 2.1977376736e+04
 7 0.050000 0.050000 0.062500 0.010833 1473.000000 3.4249548015e-01 2.1161738520e+04
 7 0.050000 0.050000 0.062500 0.011667 1473.000000 3.4045336612e-01 2.0413309712e+04
 7 0.050000 0.050000 0.062500 0.012500 1473.000000 3.3868133228e-01 1.9725503261e+04
 7 0.050000 0.050000 0.062500 0.013333 1473.000000 3.3713518499e-01 1.9092213841e+04
 7 0.050000 0.050000 0.062500 0.014167 1473.000000 3.3577933735e-01 1.8507904162e+04
 7 0.050000 0.050000 0.062500 0.015000 1473.000000 3.3458486664e-01 1.7967614309e+04
 7 0.050000 0.050000 0.070000 0.005000 1473.000000 3.7113460354e-01 3.0821971306e+04
 7 0.050000 0.050000 0.070000 0.005833 1473.000000 3.6438079979e-01 2.9274947319e+04
 7 0.050000 0.050000 0.070000 0.006667 1473.000000 3.5889675513e-01 2.7826098366e+04
 7 0.050000 0.050000 0.070000 0.007500 1473.000000 3.5437693973e-01 2.6492496953e+04
 7 0.050000 0.050000 0.070000 0.008333 1473.000000 3.5060603015e-01 2.5274836353e+04
 7 0.050000 0.050000 0.070000 0.009167 1473.000000 3.4742725364e-01 2.4166605663e+04
 7 0.050000 0.050000 0.070000 0.010000 1473.000000 3.4472353254e-01 2.3158512775e+04
 7 0.050000 0.050000 0.070000 0.010833 1473.000000 3.4240562860e-01 2.2240611137e+04
 7 0.050000 0.050000 0.070000 0.011667 1473.000000 3.4040436808e-01 2.1403292099e+04
 7 0.050000 0.050000 0.070000 0.012500 1473.000000 3.3866536792e-01 2.0637710505e+04
 7 0.050000 0.050000 0.070000 0.013333 1473.000000 3.3714535724e-01 1.9935927742e+04
 7 0.050000 0.050000 0.070000 0.014167 1473.000000 3.3580955066e-01 1.9290917015e+04
 7 0.050000 0.050000 0.070000 0.015000 1473.000000 3.3462973429e-01 1.8696505227e+04
 7 0.050000 0.050000 0.077500 0.005000 1473.000000 3.7092603742e-01 3.3089943981e+04
 7 0.050000 0.050000 0.077500 0.005833 1473.000000 3.6429627013e-01 3.1274078308e+04
 7 0.050000 0.050000 0.077500 0.006667 1473.000000 3.5890316679e-01 2.9596145753e+04
 7 0.050000 0.050000 0.077500 0.007500 1473.000000 3.5445102802e-01 2.8068488989e+04
 7 0.050000 0.050000 0.077500 0.008333 1473.000000 3.5073090835e-01 2.6686392407e+04
 7 0.050000 0.050000 0.077500 0.009167 1473.000000 3.4759023423e-01 2.5438321249e+04
 7 0.050000 0.050000 0.077500 0.010000 1473.000000 3.4491475602e-01 2.4310665530e+04
 7 0.050000 0.050000 0.077500 0.010833 1473.000000 3.4261719733e-01 2.3289895658e+04
 7 0.050000 0.050000 0.077500 0.011667 1473.000000 3.4062979486e-01 2.2363478801e+04
 7 0.050000 0.050000 0.077500 0.012500 1473.000000 3.3889922086e-01 2.1520200762e+04
 7 0.050000 0.050000 0.077500 0.013333 1473.000000 3.3738302719e-01 2.0750207849e+04
 7 0.050000 0.050000 0.077500 0.014167 1473.000000 3.3604709547e-01 2.0044923941e+04
 7 0.050000 0.050000 0.077500 0.015000 1473.000000 3.3486377120e-01 1.9396919251e+04
 7 0.050000 0.050000 0.085000 0.005000 1473.000000 3.7111443313e-01 3.5339014015e+04
 7 0.050000 0.050000 0.085000 0.005833 1473.000000 3.6460036584e-01 3.3253008548e+04
 7 0.050000 0.050000 0.085000 0.006667 1473.000000 3.5927943512e-01 3.1344500979e+04
 7 0.050000 0.050000 0.085000 0.007500 1473.000000 3.5487125500e-01 2.9621498984e+04
 7 0.050000 0.050000 0.085000 0.008333 1473.000000 3.5117639825e-01 2.8074004437e+04
 7 0.050000 0.050000 0.085000 0.009167 1473.000000 3.4804826954e-01 2.6685464109e+04
 7 0.050000 0.050000 0.085000 0.010000 1473.000000 3.4537642838e-01 2.5437908630e+04
 7 0.050000 0.050000 0.085000 0.010833 1473.000000 3.4307607277e-01 2.4314171413e+04
 7 0.050000 0.050000 0.085000 0.011667 1473.000000 3.4108108775e-01 2.3298743590e+04
 7 0.050000 0.050000 0.085000 0.012500 1473.000000 3.3933927852e-01 2.2377997370e+04
 7 0.050000 0.050000 0.085000 0.013333 1473.000000 3.3780900503e-01 2.1540127842e+04
 7 0.050000 0.050000 0.085000 0.014167 1473.000000 3.3645674912e-01 2.0774981230e+04
 7 0.050000 0.050000 0.085000 0.015000 1473.000000 3.3525532096e-01 2.0073849373e+04
 7 0.050000 0.050000 0.092500 0.005000 1473.000000 3.7158723271e-01 3.7552936640e+04
 7 0.050000 0.050000 0.092500 0.005833 1473.000000 3.6519693768e-01 3.5202264312e+04
 7 0.050000 0.050000 0.092500 0.006667 1473.000000 3.5994290771e-01 3.3066306459e+04
 7 0.050000 0.050000 0.092500 0.007500 1473.000000 3.5556612742e-01 3.1149795810e+04
 7 0.050000 0.050000 0.092500 0.008333 1473.000000 3.5188030786e-01 2.9438052769e+04
 7 0.050000 0.050000 0.092500 0.009167 1473.000000 3.4874699816e-01 2.7909833821e+04
 7 0.050000 0.050000 0.092500 0.010000 1473.000000 3.4606084888e-01 2.6542984945e+04
 7 0.050000 0.050000 0.092500 0.010833 1473.000000 3.4374027372e-01 2.5316794600e+04
 7 0.050000 0.050000 0.092500 0.011667 1473.000000 3.4172121677e-01 2.4212826271e+04
 7 0.050000 0.050000 0.092500 0.012500 1473.000000 3.3995282538e-01 2.3215063892e+04
 7 0.050000 0.050000 0.092500 0.013333 1473.000000 3.3839435420e-01 2.2309764263e+04
 7 0.050000 0.050000 0.092500 0.014167 1473.000000 3.3701289801e-01 2.1485202136e+04
 7 0.050000 0.050000 0.092500 0.015000 1473.000000 3.3578170021e-01 2.0731393478e+04
 7 0.050000 0.050000 0.100000 0.005000 1473.000000 3.7224116133e-01 3.9713259029e+04
 7 0.050000 0.050000 0.100000 0.005833 1473.000000 3.6599829387e-01 3.7110132686e+04
 7 0.050000 0.050000 0.100000 0.006667 1473.000000 3.6081909383e-01 3.4754634698e+04
 7 0.050000 0.050000 0.100000 0.007500 1473.000000 3.5647221375e-01 3.2649783068e+04
 7 0.050000 0.050000 0.100000 0.008333 1473.000000 3.5278842144e-01 3.0777237466e+04
 7 0.050000 0.050000 0.100000 0.009167 1473.000000 3.4963989081e-01 2.9111709942e+04
 7 0.050000 0.050000 0.100000 0.010000 1473.000000 3.4692793215e-01 2.7627259269e+04
 7 0.050000 0.050000 0.100000 0.010833 1473.000000 3.4457515575e-01 2.6299871178e+04
 7 0.050000 0.050000 0.100000 0.011667 1473.000000 3.4252016640e-01 2.5108330784e+04
 7 0.050000 0.050000 0.100000 0.012500 1473.000000 3.4071381124e-01 2.4034328262e+04
 7 0.050000 0.050000 0.100000 0.013333 1473.000000 3.3911644112e-01 2.3062243945e+04
 7 0.050000 0.050000 0.100000 0.014167 1473.000000 3.3769586553e-01 2.2178822687e+04
 7 0.050000 0.050000 0.100000 0.015000 1473.000000 3.3642579950e-01 2.1372833018e+04
 7 0.050000 0.070833 0.010000 0.005000 1473.000000 4.1207772268e-01 1.3582175803e+04
 7 0.050000 0.070833 0.010000 0.005833 1473.000000 4.0255669075e-01 1.3435560366e+04
 7 0.050000 0.070833 0.010000 0.006667 1473.000000 3.9422318995e-01 1.3266193880e+04
 7 0.050000 0.070833 0.010000 0.007500 1473.000000 3.8689228997e-01 1.3083459688e+04
 7 0.050000 0.070833 0.010000 0.008333 1473.000000 3.8041721621e-01 1.2894024711e+04
 7 0.050000 0.070833 0.010000 0.009167 1473.000000 3.7467925535e-01 1.2702619119e+04
 7 0.050000 0.070833 0.010000 0.010000 1473.000000 3.6958091247e-01 1.2512580658e+04
 7 0.050000 0.070833 0.010000 0.010833 1473.000000 3.6504109755e-01 1.2326238998e+04
 7 0.050000 0.070833 0.010000 0.011667 1473.000000 3.6099163542e-01 1.2145189940e+04
 7 0.050000 0.070833 0.010000 0.012500 1473.000000 3.5737467200e-01 1.1970492871e+04
 7 0.050000 0.070833 0.010000 0.013333 1473.000000 3.5414070711e-01 1.1802814170e+04
 7 0.050000 0.070833 0.010000 0.014167 1473.000000 3.5124707725e-01 1.1642532152e+04
 7 0.050000 0.070833 0.010000 0.015000 1473.000000 3.4865676885e-01 1.1489814388e+04
 7 0.050000 0.070833 0.017500 0.005000 1473.000000 3.9950895184e-01 1.5465674407e+04
 7 0.050000 0.070833 0.017500 0.005833 1473.000000 3.9048288164e-01 1.5265804431e+04
 7 0.050000 0.070833 0.017500 0.006667 1473.000000 3.8275881743e-01 1.5031424104e+04
 7 0.050000 0.070833 0.017500 0.007500 1473.000000 3.7609638494e-01 1.4778008046e+04
 7 0.050000 0.070833 0.017500 0.008333 1473.000000 3.7031309204e-01 1.4516008114e+04
 7 0.050000 0.070833 0.017500 0.009167 1473.000000 3.6526694256e-01 1.4252477885e+04
 7 0.050000 0.070833 0.017500 0.010000 1473.000000 3.6084526362e-01 1.3992145628e+04
 7 0.050000 0.070833 0.017500 0.010833 1473.000000 3.5695720099e-01 1.3738133943e+04
 7 0.050000 0.070833 0.017500 0.011667 1473.000000 3.5352849561e-01 1.3492449002e+04
 7 0.050000 0.070833 0.017500 0.012500 1473.000000 3.5049774186e-01 1.3256317177e+04
 7 0.050000 0.070833 0.017500 0.013333 1473.000000 3.4781364299e-01 1.3030419107e+04
 7 0.050000 0.070833 0.017500 0.014167 1473.000000 3.4543295851e-01 1.2815053944e+04
 7 0.050000 0.070833 0.017500 0.015000 1473.000000 3.4331894351e-01 1.2610255514e+04
 7 0.050000 0.070833 0.025000 0.005000 1473.000000 3.9031705942e-01 1.7496747693e+04
 7 0.050000 0.070833 0.025000 0.005833 1473.000000 3.8181487058e-01 1.7199122790e+04
 7 0.050000 0.070833 0.025000 0.006667 1473.000000 3.7465707592e-01 1.6862457514e+04
 7 0.050000 0.070833 0.025000 0.007500 1473.000000 3.6857091511e-01 1.6507662562e+04
 7 0.050000 0.070833 0.025000 0.008333 1473.000000 3.6335456735e-01 1.6148090355e+04
 7 0.050000 0.070833 0.025000 0.009167 1473.000000 3.5885453053e-01 1.5792225387e+04
 7 0.050000 0.070833 0.025000 0.010000 1473.000000 3.5495147885e-01 1.5445375618e+04
 7 0.050000 0.070833 0.025000 0.010833 1473.000000 3.5155098490e-01 1.5110755941e+04
 7 0.050000 0.070833 0.025000 0.011667 1473.000000 3.4857719687e-01 1.4790193485e+04
 7 0.050000 0.070833 0.025000 0.012500 1473.000000 3.4596839618e-01 1.4484593138e+04
 7 0.050000 0.070833 0.025000 0.013333 1473.000000 3.4367379758e-01 1.4194248373e+04
 7 0.050000 0.070833 0.025000 0.014167 1473.000000 3.4165119604e-01 1.3919050762e+04
 7 0.050000 0.070833 0.025000 0.015000 1473.000000 3.3986520588e-01 1.3658632221e+04
 7 0.050000 0.070833 0.032500 0.005000 1473.000000 3.8365503592e-01 1.9621350414e+04
 7 0.050000 0.070833 0.032500 0.005833 1473.000000 3.7561986448e-01 1.9185862807e+04
 7 0.050000 0.070833 0.032500 0.006667 1473.000000 3.6893774537e-01 1.8715301875e+04
 7 0.050000 0.070833 0.032500 0.007500 1473.000000 3.6331698025e-01 1.8234535922e+04
 7 0.050000 0.070833 0.032500 0.008333 1473.000000 3.5854534002e-01 1.7758440799e+04
 7 0.050000 0.070833 0.032500 0.009167 1473.000000 3.5446384742e-01 1.7295762387e+04
 7 0.050000 0.070833 0.032500 0.010000 1473.000000 3.5095063812e-01 1.6851436437e+04
 7 0.050000 0.070833 0.032500 0.010833 1473.000000 3.4791051850e-01 1.6428011742e+04
 7 0.050000 0.070833 0.032500 0.011667 1473.000000 3.4526794076e-01 1.6026538745e+04
 7 0.050000 0.070833 0.032500 0.012500 1473.000000 3.4296212791e-01 1.5647132342e+04
 7 0.050000 0.070833 0.032500 0.013333 1473.000000 3.4094360329e-01 1.5289332314e+04
 7 0.050000 0.070833 0.032500 0.014167 1473.000000 3.3917166717e-01 1.4952335937e+04
 7 0.050000 0.070833 0.032500 0.015000 1473.000000 3.3761252843e-01 1.4635148724e+04
 7 0.050000 0.070833 0.040000 0.005000 1473.000000 3.7887861293e-01 2.1806197025e+04
 7 0.050000 0.070833 0.040000 0.005833 1473.000000 3.7123186277e-01 2.1197809312e+04
 7 0.050000 0.070833 0.040000 0.006667 1473.000000 3.6493165201e-01 2.0567024210e+04
 7 0.050000 0.070833 0.040000 0.007500 1473.000000 3.5967509102e-01 1.9940737939e+04
 7 0.050000 0.070833 0.040000 0.008333 1473.000000 3.5524444914e-01 1.9333757132e+04
 7 0.050000 0.070833 0.040000 0.009167 1473.000000 3.5147842261e-01 1.8753838815e+04
 7 0.050000 0.070833 0.040000 0.010000 1473.000000 3.4825462401e-01 1.8204587422e+04
 7 0.050000 0.070833 0.040000 0.010833 1473.000000 3.4547835921e-01 1.7687157661e+04
 7 0.050000 0.070833 0.040000 0.011667 1473.000000 3.4307514637e-01 1.7201273098e+04
 7 0.050000 0.070833 0.040000 0.012500 1473.000000 3.4098557051e-01 1.6745843253e+04
 7 0.050000 0.070833 0.040000 0.013333 1473.000000 3.3916165197e-01 1.6319340356e+04
 7 0.050000 0.070833 0.040000 0.014167 1473.000000 3.3756422747e-01 1.5920029854e+04
 7 0.050000 0.070833 0.040000 0.015000 1473.000000 3.3616102571e-01 1.5546110710e+04
 7 0.050000 0.070833 0.047500 0.005000 1473.000000 3.7552631114e-01 2.4030787754e+04
 7 0.050000 0.070833 0.047500 0.005833 1473.000000 3.6819089248e-01 2.3219579355e+04
 7 0.050000 0.070833 0.047500 0.006667 1473.000000 3.6218863328e-01 2.2406857798e+04
 7 0.050000 0.070833 0.047500 0.007500 1473.000000 3.5721035787e-01 2.1619493460e+04
 7 0.050000 0.070833 0.047500 0.008333 1473.000000 3.5303579760e-01 2.0870625767e+04
 7 0.050000 0.070833 0.047500 0.009167 1473.000000 3.4950310065e-01 2.0165821826e+04
 7 0.050000 0.070833 0.047500 0.010000 1473.000000 3.4649039024e-01 1.9506465449e+04
 7 0.050000 0.070833 0.047500 0.010833 1473.000000 3.4390403044e-01 1.8891662643e+04
 7 0.050000 0.070833 0.047500 0.011667 1473.000000 3.4167085943e-01 1.8319328931e+04
 7 0.050000 0.070833 0.047500 0.012500 1473.000000 3.3973288351e-01 1.7786814482e+04
 7 0.050000 0.070833 0.047500 0.013333 1473.000000 3.3804355612e-01 1.7291263112e+04
 7 0.050000 0.070833 0.047500 0.014167 1473.000000 3.3656511005e-01 1.6829815778e+04
 7 0.050000 0.070833 0.047500 0.015000 1473.000000 3.3526660787e-01 1.6399722314e+04
 7 0.050000 0.070833 0.055000 0.005000 1473.000000 3.7326901621e-01 2.6281743274e+04
 7 0.050000 0.070833 0.055000 0.005833 1473.000000 3.6617742771e-01 2.5242908112e+04
 7 0.050000 0.070833 0.055000 0.006667 1473.000000 3.6040186335e-01 2.4230630153e+04
 7 0.050000 0.070833 0.055000 0.007500 1473.000000 3.5563061885e-01 2.3269852525e+04
 7 0.050000 0.070833 0.055000 0.008333 1473.000000 3.5164303247e-01 2.2370604335e+04
 7 0.050000 0.070833 0.055000 0.009167 1473.000000 3.4827788645e-01 2.1535200069e+04
 7 0.050000 0.070833 0.055000 0.010000 1473.000000 3.4541441403e-01 2.0762030198e+04
 7 0.050000 0.070833 0.055000 0.010833 1473.000000 3.4296028342e-01 2.0047592776e+04
 7 0.050000 0.070833 0.055000 0.011667 1473.000000 3.4084368612e-01 1.9387590829e+04
 7 0.050000 0.070833 0.055000 0.012500 1473.000000 3.3900795755e-01 1.8777522391e+04
 7 0.050000 0.070833 0.055000 0.013333 1473.000000 3.3740782070e-01 1.8212990547e+04
 7 0.050000 0.070833 0.055000 0.014167 1473.000000 3.3600670305e-01 1.7689857522e+04
 7 0.050000 0.070833 0.055000 0.015000 1473.000000 3.3477478233e-01 1.7204311807e+04
 7 0.050000 0.070833 0.062500 0.005000 1473.000000 3.7186627752e-01 2.8548785072e+04
 7 0.050000 0.070833 0.062500 0.005833 1473.000000 3.6496374606e-01 2.7262799666e+04
 7 0.050000 0.070833 0.062500 0.006667 1473.000000 3.5935659650e-01 2.6037191343e+04
 7 0.050000 0.070833 0.062500 0.007500 1473.000000 3.5473419945e-01 2.4893453382e+04
 7 0.050000 0.070833 0.062500 0.008333 1473.000000 3.5087747052e-01 2.3837341023e+04
 7 0.050000 0.070833 0.062500 0.009167 1473.000000 3.4762684807e-01 2.2867057631e+04
 7 0.050000 0.070833 0.062500 0.010000 1473.000000 3.4486314436e-01 2.1977376736e+04
 7 0.050000 0.070833 0.062500 0.010833 1473.000000 3.4249548015e-01 2.1161738520e+04
 7 0.050000 0.070833 0.062500 0.011667 1473.000000 3.4045336612e-01 2.0413309712e+04
 7 0.050000 0.070833 0.062500 0.012500 1473.000000 3.3868133228e-01 1.9725503261e+04
 7 0.050000 0.070833 0.062500 0.013333 1473.000000 3.3713518499e-01 1.9092213841e+04
 7 0.050000 0.070833 0.062500 0.014167 1473.000000 3.3577933735e-01 1.8507904162e+04
 7 0.050000 0.070833 0.062500 0.015000 1473.000000 3.3458486664e-01 1.7967614309e+04
 7 0.050000 0.070833 0.070000 0.005000 1473.000000 3.7113460354e-01 3.0821971306e+04
 7 0.050000 0.070833 0.070000 0.005833 1473.000000 3.6438079979e-01 2.9274947319e+04
 7 0.050000 0.070833 0.070000 0.006667 1473.000000 3.5889675513e-01 2.7826098366e+04
 7 0.050000 0.070833 0.070000 0.007500 1473.000000 3.5437693973e-01 2.6492496953e+04
 7 0.050000 0.070833 0.070000 0.008333 1473.000000 3.5060603015e-01 2.5274836353e+04
 7 0.050000 0.070833 0.070000 0.009167 1473.000000 3.4742725364e-01 2.4166605663e+04
 7 0.050000 0.070833 0.070000 0.010000 1473.000000 3.4472353254e-01 2.3158512775e+04
 7 0.050000 0.070833 0.070000 0.010833 1473.000000 3.4240562860e-01 2.2240611137e+04
 7 0.050000 0.070833 0.070000 0.011667 1473.000000 3.4040436808e-01 2.1403292099e+04
 7 0.050000 0.070833 0.070000 0.012500 1473.000000 3.3866536792e-01 2.0637710505e+04
 7 0.050000 0.070833 0.070000 0.013333 1473.000000 3.3714535724e-01 1.9935927742e+04
 7 0.050000 0.070833 0.070000 0.014167 1473.000000 3.3580955066e-01 1.9290917015e+04
 7 0.050000 0.070833 0.070000 0.015000 1473.000000 3.3462973429e-01 1.8696505227e+04
 7 0.050000 0.070833 0.077500 0.005000 1473.000000 3.7092603742e-01 3.3089943981e+04
 7 0.050000 0.070833 0.077500 0.005833 1473.000000 3.6429627013e-01 3.1274078308e+04
 7 0.050000 0.070833 0.077500 0.006667 1473.000000 3.5890316679e-01 2.9596145753e+04
 7 0.050000 0.070833 0.077500 0.007500 1473.000000 3.5445102802e-01 2.8068488989e+04
 7 0.050000 0.070833 0.077500 0.008333 1473.000000 3.5073090835e-01 2.6686392407e+04
 7 0.050000 0.070833 0.077500 0.009167 1473.000000 3.4759023423e-01 2.5438321249e+04
 7 0.050000 0.070833 0.077500 0.010000 1473.000000 3.4491475602e-01 2.4310665530e+04
 7 0.050000 0.070833 0.077500 0.010833 1473.000000 3.4261719733e-01 2.3289895658e+04
 7 0.050000 0.070833 0.077500 0.011667 1473.000000 3.4062979486e-01 2.2363478801e+04
 7 0.050000 0.070833 0.077500 0.012500 1473.000000 3.3889922086e-01 2.1520200762e+04
 7 0.050000 0.070833 0.077500 0.013333 1473.000000 3.3738302719e-01 2.0750207849e+04
 7 0.050000 0.070833 0.077500 0.014167 1473.000000 3.3604709547e-01 2.0044923941e+04
 7 0.050000 0.070833 0.077500 0.015000 1473.000000 3.3486377120e-01 1.9396919251e+04
 7 0.050000 0.070833 0.085000 0.005000 1473.000000 3.7111443313e-01 3.5339014015e+04
 7 0.050000 0.070833 0.085000 0.005833 1473.000000 3.6460036584e-01 3.3253008548e+04
 7 0.050000 0.070833 0.085000 0.006667 1473.000000 3.5927943512e-01 3.1344500979e+04
 7 0.050000 0.070833 0.085000 0.007500 1473.000000 3.5487125500e-01 2.9621498984e+04
 7 0.050000 0.070833 0.085000 0.008333 1473.000000 3.5117639825e-01 2.8074004437e+04
 7 0.050000 0.070833 0.085000 0.009167 1473.000000 3.4804826954e-01 2.6685464109e+04
 7 0.050000 0.070833 0.085000 0.010000 1473.000000 3.4537642838e-01 2.5437908630e+04
 7 0.050000 0.070833 0.085000 0.010833 1473.000000 3.4307607277e-01 2.4314171413e+04
 7 0.050000 0.070833 0.085000 0.011667 1473.000000 3.4108108775e-01 2.3298743590e+04
 7 0.050000 0.070833 0.085000 0.012500 1473.000000 3.3933927852e-01 2.2377997370e+04
 7 0.050000 0.070833 0.085000 0.013333 1473.000000 3.3780900503e-01 2.1540127842e+04
 7 0.050000 0.070833 0.085000 0.014167 1473.000000 3.3645674912e-01 2.0774981230e+04
 7 0.050000 0.070833 0.085000 0.015000 1473.000000 3.3525532096e-01 2.0073849373e+04
 7 0.050000 0.070833 0.092500 0.005000 1473.000000 3.7158723271e-01 3.7552936640e+04
 7 0.050000 0.070833 0.092500 0.005833 1473.000000 3.6519693768e-01 3.5202264312e+04
 7 0.050000 0.070833 0.092500 0.006667 1473.000000 3.5994290771e-01 3.3066306459e+04
 7 0.050000 0.070833 0.092500 0.007500 1473.000000 3.5556612742e-01 3.1149795810e+04
 7 0.050000 0.070833 0.092500 0.008333 1473.000000 3.5188030786e-01 2.9438052769e+04
 7 0.050000 0.070833 0.092500 0.009167 1473.000000 3.4874699816e-01 2.7909833821e+04
 7 0.050000 0.070833 0.092500 0.010000 1473.000000 3.4606084888e-01 2.6542984945e+04
 7 0.050000 0.070833 0.092500 0.010833 1473.000000 3.4374027372e-01 2.5316794600e+04
 7 0.050000 0.070833 0.092500 0.011667 1473.000000 3.4172121677e-01 2.4212826271e+04
 7 0.050000 0.070833 0.092500 0.012500 1473.000000 3.3995282538e-01 2.3215063892e+04
 7 0.050000 0.070833 0.092500 0.013333 1473.000000 3.3839435420e-01 2.2309764263e+04
 7 0.050000 0.070833 0.092500 0.014167 1473.000000 3.3701289801e-01 2.1485202136e+04
 7 0.050000 0.070833 0.092500 0.015000 1473.000000 3.3578170021e-01 2.0731393478e+04
 7 0.050000 0.070833 0.100000 0.005000 1473.000000 3.7224116133e-01 3.9713259029e+04
 7 0.050000 0.070833 0.100000 0.005833 1473.000000 3.6599829387e-01 3.7110132686e+04
 7 0.050000 0.070833 0.100000 0.006667 1473.000000 3.6081909383e-01 3.4754634698e+04
 7 0.050000 0.070833 0.100000 0.007500 1473.000000 3.5647221375e-01 3.2649783068e+04
 7 0.050000 0.070833 0.100000 0.008333 1473.000000 3.5278842144e-01 3.0777237466e+04
 7 0.050000 0.070833 0.100000 0.009167 1473.000000 3.4963989081e-01 2.9111709942e+04
 7 0.050000 0.070833 0.100000 0.010000 1473.000000 3.4692793215e-01 2.7627259269e+04
 7 0.050000 0.070833 0.100000 0.010833 1473.000000 3.4457515575e-01 2.6299871178e+04
 7 0.050000 0.070833 0.100000 0.011667 1473.000000 3.4252016640e-01 2.5108330784e+04
 7 0.050000 0.070833 0.100000 0.012500 1473.000000 3.4071381124e-01 2.4034328262e+04
 7 0.050000 0.070833 0.100000 0.013333 1473.000000 3.3911644112e-01 2.3062243945e+04
 7 0.050000 0.070833 0.100000 0.014167 1473.000000 3.3769586553e-01 2.2178822687e+04
 7 0.050000 0.070833 0.100000 0.015000 1473.000000 3.3642579950e-01 2.1372833018e+04
 7 0.050000 0.091667 0.010000 0.005000 1473.000000 4.1207772268e-01 1.3582175803e+04
 7 0.050000 0.091667 0.010000 0.005833 1473.000000 4.0255669075e-01 1.3435560366e+04
 7 0.050000 0.091667 0.010000 0.006667 1473.000000 3.9422318995e-01 1.3266193880e+04
 7 0.050000 0.091667 0.010000 0.007500 1473.000000 3.8689228997e-01 1.3083459688e+04
 7 0.050000 0.091667 0.010000 0.008333 1473.000000 3.8041721621e-01 1.2894024711e+04
 7 0.050000 0.091667 0.010000 0.009167 1473.000000 3.7467925535e-01 1.2702619119e+04
 7 0.050000 0.091667 0.010000 0.010000 1473.000000 3.6958091247e-01 1.2512580658e+04
 7 0.050000 0.091667 0.010000 0.010833 1473.000000 3.6504109755e-01 1.2326238998e+04
 7 0.050000 0.091667 0.010000 0.011667 1473.000000 3.6099163542e-01 1.2145189940e+04
 7 0.050000 0.091667 0.010000 0.012500 1473.000000 3.5737467200e-01 1.1970492871e+04
 7 0.050000 0.091667 0.010000 0.013333 1473.000000 3.5414070711e-01 1.1802814170e+04
 7 0.050000 0.091667 0.010000 0.014167 1473.000000 3.5124707725e-01 1.1642532152e+04
 7 0.050000 0.091667 0.010000 0.015000 1473.000000 3.4865676885e-01 1.1489814388e+04
 7 0.050000 0.091667 0.017500 0.005000 1473.000000 3.9950895184e-01 1.5465674407e+04
 7 0.050000 0.091667 0.017500 0.005833 1473.000000 3.9048288164e-01 1.5265804431e+04
 7 0.050000 0.091667 0.017500 0.006667 1473.000000 3.8275881743e-01 1.5031424104e+04
 7 0.050000 0.091667 0.017500 0.007500 1473.000000 3.7609638494e-01 1.4778008046e+04
 7 0.050000 0.091667 0.017500 0.008333 1473.000000 3.7031309204e-01 1.4516008114e+04
 7 0.050000 0.091667 0.017500 0.009167 1473.000000 3.6526694256e-01 1.4252477885e+04
 7 0.050000 0.091667 0.017500 0.010000 1473.000000 3.6084526362e-01 1.3992145628e+04
 7 0.050000 0.091667 0.017500 0.010833 1473.000000 3.5695720099e-01 1.3738133943e+04
 7 0.050000 0.091667 0.017500 0.011667 1473.000000 3.5352849561e-01 1.3492449002e+04
 7 0.050000 0.091667 0.017500 0.012500 1473.000000 3.5049774186e-01 1.3256317177e+04
 7 0.050000 0.091667 0.017500 0.013333 1473.000000 3.4781364299e-01 1.3030419107e+04
 7 0.050000 0.091667 0.017500 0.014167 1473.000000 3.4543295851e-01 1.2815053944e+04
 7 0.050000 0.091667 0.017500 0.015000 1473.000000 3.4331894351e-01 1.2610255514e+04
 7 0.050000 0.091667 0.025000 0.005000 1473.000000 3.9031705942e-01 1.7496747693e+04
 7 0.050000 0.091667 0.025000 0.005833 1473.000000 3.8181487058e-01 1.7199122790e+04
 7 0.050000 0.091667 0.025000 0.006667 1473.000000 3.7465707592e-01 1.6862457514e+04
 7 0.050000 0.091667 0.025000 0.007500 1473.000000 3.6857091511e-01 1.6507662562e+04
 7 0.050000 0.091667 0.025000 0.008333 1473.000000 3.6335456735e-01 1.6148090355e+04
 7 0.050000 0.091667 0.025000 0.009167 1473.000000 3.5885453053e-01 1.5792225387e+04
 7 0.050000 0.091667 0.025000 0.010000 1473.000000 3.5495147885e-01 1.5445375618e+04
 7 0.050000 0.091667 0.025000 0.010833 1473.000000 3.5155098490e-01 1.5110755941e+04
 7 0.050000 0.091667 0.025000 0.011667 1473.000000 3.4857719687e-01 1.4790193485e+04
 7 0.050000 0.091667 0.025000 0.012500 1473.000000 3.4596839618e-01 1.4484593138e+04
 7 0.050000 0.091667 0.025000 0.013333 1473.000000 3.4367379758e-01 1.4194248373e+04
 7 0.050000 0.091667 0.025000 0.014167 1473.000000 3.4165119604e-01 1.3919050762e+04
 7 0.050000 0.091667 0.025000 0.015000 1473.000000 3.3986520588e-01 1.3658632221e+04
 7 0.050000 0.091667 0.032500 0.005000 1473.000000 3.8365503592e-01 1.9621350414e+04
 7 0.050000 0.091667 0.032500 0.005833 1473.000000 3.7561986448e-01 1.9185862807e+04
 7 0.050000 0.091667 0.032500 0.006667 1473.000000 3.6893774537e-01 1.8715301875e+04
 7 0.050000 0.091667 0.032500 0.007500 1473.000000 3.6331698025e-01 1.8234535922e+04
 7 0.050000 0.091667 0.032500 0.008333 1473.000000 3.5854534002e-01 1.7758440799e+04
 7 0.050000 0.091667 0.032500 0.009167 1473.000000 3.5446384742e-01 1.7295762387e+04
 7 0.050000 0.091667 0.032500 0.010000 1473.000000 3.5095063812e-01 1.6851436437e+04
 7 0.050000 0.091667 0.032500 0.010833 1473.000000 3.4791051850e-01 1.6428011742e+04
 7 0.050000 0.091667 0.032500 0.011667 1473.000000 3.4526794076e-01 1.6026538745e+04
 7 0.050000 0.091667 0.032500 0.012500 1473.000000 3.4296212791e-01 1.5647132342e+04
 7 0.050000 0.091667 0.032500 0.013333 1473.000000 3.4094360329e-01 1.5289332314e+04
 7 0.050000 0.091667 0.032500 0.014167 1473.000000 3.3917166717e-01 1.4952335937e+04
 7 0.050000 0.091667 0.032500 0.015000 1473.000000 3.3761252843e-01 1.4635148724e+04
 7 0.050000 0.091667 0.040000 0.005000 1473.000000 3.7887861293e-01 2.1806197025e+04
 7 0.050000 0.091667 0.040000 0.005833 1473.000000 3.7123186277e-01 2.1197809312e+04
 7 0.050000 0.091667 0.040000 0.006667 1473.000000 3.6493165201e-01 2.0567024210e+04
 7 0.050000 0.091667 0.040000 0.007500 1473.000000 3.5967509102e-01 1.9940737939e+04
 7 0.050000 0.091667 0.040000 0.008333 1473.000000 3.5524444914e-01 1.9333757132e+04
 7 0.050000 0.091667 0.040000 0.009167 1473.000000 3.5147842261e-01 1.8753838815e+04
 7 0.050000 0.091667 0.040000 0.010000 1473.000000 3.4825462401e-01 1.8204587422e+04
 7 0.050000 0.091667 0.040000 0.010833 1473.000000 3.4547835921e-01 1.7687157661e+04
 7 0.050000 0.091667 0.040000 0.011667 1473.000000 3.4307514637e-01 1.7201273098e+04
 7 0.050000 0.091667 0.040000 0.012500 1473.000000 3.4098557051e-01 1.6745843253e+04
 7 0.050000 0.091667 0.040000 0.013333 1473.000000 3.3916165197e-01 1.6319340356e+04
 7 0.050000 0.091667 0.040000 0.014167 1473.000000 3.3756422747e-01 1.5920029854e+04
 7 0.050000 0.091667 0.040000 0.015000 1473.000000 3.3616102571e-01 1.5546110710e+04
 7 0.050000 0.091667 0.047500 0.005000 1473.000000 3.7552631114e-01 2.4030787754e+04
 7 0.050000 0.091667 0.047500 0.005833 1473.000000 3.6819089248e-01 2.3219579355e+04
 7 0.050000 0.091667 0.047500 0.006667 1473.000000 3.6218863328e-01 2.2406857798e+04
 7 0.050000 0.091667 0.047500 0.007500 1473.000000 3.5721035787e-01 2.1619493460e+04
 7 0.050000 0.091667 0.047500 0.008333 1473.000000 3.5303579760e-01 2.0870625767e+04
 7 0.050000 0.091667 0.047500 0.009167 1473.000000 3.4950310065e-01 2.0165821826e+04
 7 0.050000 0.091667 0.047500 0.010000 1473.000000 3.4649039024e-01 1.9506465449e+04
 7 0.050000 0.091667 0.047500 0.010833 1473.000000 3.4390403044e-01 1.8891662643e+04
 7 0.050000 0.091667 0.047500 0.011667 1473.000000 3.4167085943e-01 1.8319328931e+04
 7 0.050000 0.091667 0.047500 0.012500 1473.000000 3.3973288351e-01 1.7786814482e+04
 7 0.050000 0.091667 0.047500 0.013333 1473.000000 3.3804355612e-01 1.7291263112e+04
 7 0.050000 0.091667 0.047500 0.014167 1473.000000 3.3656511005e-01 1.6829815778e+04
 7 0.050000 0.091667 0.047500 0.015000 1473.000000 3.3526660787e-01 1.6399722314e+04
 7 0.050000 0.091667 0.055000 0.005000 1473.000000 3.7326901621e-01 2.6281743274e+04
 7 0.050000 0.091667 0.055000 0.005833 1473.000000 3.6617742771e-01 2.5242908112e+04
 7 0.050000 0.091667 0.055000 0.006667 1473.000000 3.6040186335e-01 2.4230630153e+04
 7 0.050000 0.091667 0.055000 0.007500 1473.000000 3.5563061885e-01 2.3269852525e+04
 7 0.050000 0.091667 0.055000 0.008333 1473.000000 3.5164303247e-01 2.2370604335e+04
 7 0.050000 0.091667 0.055000 0.009167 1473.000000 3.4827788645e-01 2.1535200069e+04
 7 0.050000 0.091667 0.055000 0.010000 1473.000000 3.4541441403e-01 2.0762030198e+04
 7 0.050000 0.091667 0.055000 0.010833 1473.000000 3.4296028342e-01 2.0047592776e+04
 7 0.050000 0.091667 0.055000 0.011667 1473.000000 3.4084368612e-01 1.9387590829e+04
 7 0.050000 0.091667 0.055000 0.012500 1473.000000 3.3900795755e-01 1.8777522391e+04
 7 0.050000 0.091667 0.055000 0.013333 1473.000000 3.3740782070e-01 1.8212990547e+04
 7 0.050000 0.091667 0.055000 0.014167 1473.000000 3.3600670305e-01 1.7689857522e+04
 7 0.050000 0.091667 0.055000 0.015000 1473.000000 3.3477478233e-01 1.7204311807e+04
 7 0.050000 0.091667 0.062500 0.005000 1473.000000 3.7186627752e-01 2.8548785072e+04
 7 0.050000 0.091667 0.062500 0.005833 1473.000000 3.6496374606e-01 2.7262799666e+04
 7 0.050000 0.091667 0.062500 0.006667 1473.000000 3.5935659650e-01 2.6037191343e+04
 7 0.050000 0.091667 0.062500 0.007500 1473.000000 3.5473419945e-01 2.4893453382e+04
 7 0.050000 0.091667 0.062500 0.008333 1473.000000 3.5087747052e-01 2.3837341023e+04
 7 0.050000 0.091667 0.062500 0.009167 1473.000000 3.4762684807e-01 2.2867057631e+04
 7 0.050000 0.091667 0.062500 0.010000 1473.000000 3.4486314436e-01 2.1977376736e+04
 7 0.050000 0.091667 0.062500 0.010833 1473.000000 3.4249548015e-01 2.1161738520e+04
 7 0.050000 0.091667 0.062500 0.011667 1473.000000 3.4045336612e-01 2.0413309712e+04
 7 0.050000 0.091667 0.062500 0.012500 1473.000000 3.3868133228e-01 1.9725503261e+04
 7 0.050000 0.091667 0.062500 0.013333 1473.000000 3.3713518499e-01 1.9092213841e+04
 7 0.050000 0.091667 0.062500 0.014167 1473.000000 3.3577933735e-01 1.8507904162e+04
 7 0.050000 0.091667 0.062500 0.015000 1473.000000 3.3458486664e-01 1.7967614309e+04
 7 0.050000 0.091667 0.070000 0.005000 1473.000000 3.7113460354e-01 3.0821971306e+04
 7 0.050000 0.091667 0.070000 0.005833 1473.000000 3.6438079979e-01 2.9274947319e+04
 7 0.050000 0.091667 0.070000 0.006667 1473.000000 3.5889675513e-01 2.7826098366e+04
 7 0.050000 0.091667 0.070000 0.007500 1473.000000 3.5437693973e-01 2.6492496953e+04
 7 0.050000 0.091667 0.070000 0.008333 1473.000000 3.5060603015e-01 2.5274836353e+04
 7 0.050000 0.091667 0.070000 0.009167 1473.000000 3.4742725364e-01 2.4166605663e+04
 7 0.050000 0.091667 0.070000 0.010000 1473.000000 3.4472353254e-01 2.3158512775e+04
 7 0.050000 0.091667 0.070000 0.010833 1473.000000 3.4240562860e-01 2.2240611137e+04
 7 0.050000 0.091667 0.070000 0.011667 1473.000000 3.4040436808e-01 2.1403292099e+04
 7 0.050000 0.091667 0.070000 0.012500 1473.000000 3.3866536792e-01 2.0637710505e+04
 7 0.050000 0.091667 0.070000 0.013333 1473.000000 3.3714535724e-01 1.9935927742e+04
 7 0.050000 0.091667 0.070000 0.014167 1473.000000 3.3580955066e-01 1.9290917015e+04
 7 0.050000 0.091667 0.070000 0.015000 1473.000000 3.3462973429e-01 1.8696505227e+04
 7 0.050000 0.091667 0.077500 0.005000 1473.000000 3.7092603742e-01 3.3089943981e+04
 7 0.050000 0.091667 0.077500 0.005833 1473.000000 3.6429627013e-01 3.1274078308e+04
 7 0.050000 0.091667 0.077500 0.006667 1473.000000 3.5890316679e-01 2.9596145753e+04
 7 0.050000 0.091667 0.077500 0.007500 1473.000000 3.5445102802e-01 2.8068488989e+04
 7 0.050000 0.091667 0.077500 0.008333 1473.000000 3.5073090835e-01 2.6686392407e+04
 7 0.050000 0.091667 0.077500 0.009167 1473.000000 3.4759023423e-01 2.5438321249e+04
 7 0.050000 0.091667 0.077500 0.010000 1473.000000 3.4491475602e-01 2.4310665530e+04
 7 0.050000 0.091667 0.077500 0.010833 1473.000000 3.4261719733e-01 2.3289895658e+04
 7 0.050000 0.091667 0.077500 0.011667 1473.000000 3.4062979486e-01 2.2363478801e+04
 7 0.050000 0.091667 0.077500 0.012500 1473.000000 3.3889922086e-01 2.1520200762e+04
 7 0.050000 0.091667 0.077500 0.013333 1473.000000 3.3738302719e-01 2.0750207849e+04
 7 0.050000 0.091667 0.077500 0.014167 1473.000000 3.3604709547e-01 2.0044923941e+04
 7 0.050000 0.091667 0.077500 0.015000 1473.000000 3.3486377120e-01 1.9396919251e+04
 7 0.050000 0.091667 0.085000 0.005000 1473.000000 3.7111443313e-01 3.5339014015e+04
 7 0.050000 0.091667 0.085000 0.005833 1473.000000 3.6460036584e-01 3.3253008548e+04
 7 0.050000 0.091667 0.085000 0.006667 1473.000000 3.5927943512e-01 3.1344500979e+04
 7 0.050000 0.091667 0.085000 0.007500 1473.000000 3.5487125500e-01 2.9621498984e+04
 7 0.050000 0.091667 0.085000 0.008333 1473.000000 3.5117639825e-01 2.8074004437e+04
 7 0.050000 0.091667 0.085000 0.009167 1473.000000 3.4804826954e-01 2.6685464109e+04
 7 0.050000 0.091667 0.085000 0.010000 1473.000000 3.4537642838e-01 2.5437908630e+04
 7 0.050000 0.091667 0.085000 0.010833 1473.000000 3.4307607277e-01 2.4314171413e+04
 7 0.050000 0.091667 0.085000 0.011667 1473.000000 3.4108108775e-01 2.3298743590e+04
 7 0.050000 0.091667 0.085000 0.012500 1473.000000 3.3933927852e-01 2.2377997370e+04
 7 0.050000 0.091667 0.085000 0.013333 1473.000000 3.3780900503e-01 2.1540127842e+04
 7 0.050000 0.091667 0.085000 0.014167 1473.000000 3.3645674912e-01 2.0774981230e+04
 7 0.050000 0.091667 0.085000 0.015000 1473.000000 3.3525532096e-01 2.0073849373e+04
 7 0.050000 0.091667 0.092500 0.005000 1473.000000 3.7158723271e-01 3.7552936640e+04
 7 0.050000 0.091667 0.092500 0.005833 1473.000000 3.6519693768e-01 3.5202264312e+04
 7 0.050000 0.091667 0.092500 0.006667 1473.000000 3.5994290771e-01 3.3066306459e+04
 7 0.050000 0.091667 0.092500 0.007500 1473.000000 3.5556612742e-01 3.1149795810e+04
 7 0.050000 0.091667 0.092500 0.008333 1473.000000 3.5188030786e-01 2.9438052769e+04
 7 0.050000 0.091667 0.092500 0.009167 1473.000000 3.4874699816e-01 2.7909833821e+04
 7 0.050000 0.091667 0.092500 0.010000 1473.000000 3.4606084888e-01 2.6542984945e+04
 7 0.050000 0.091667 0.092500 0.010833 1473.000000 3.4374027372e-01 2.5316794600e+04
 7 0.050000 0.091667 0.092500 0.011667 1473.000000 3.4172121677e-01 2.4212826271e+04
 7 0.050000 0.091667 0.092500 0.012500 1473.000000 3.3995282538e-01 2.3215063892e+04
 7 0.050000 0.091667 0.092500 0.013333 1473.000000 3.3839435420e-01 2.2309764263e+04
 7 0.050000 0.091667 0.092500 0.014167 1473.000000 3.3701289801e-01 2.1485202136e+04
 7 0.050000 0.091667 0.092500 0.015000 1473.000000 3.3578170021e-01 2.0731393478e+04
 7 0.050000 0.091667 0.100000 0.005000 1473.000000 3.7224116133e-01 3.9713259029e+04
 7 0.050000 0.091667 0.100000 0.005833 1473.000000 3.6599829387e-01 3.7110132686e+04
 7 0.050000 0.091667 0.100000 0.006667 1473.000000 3.6081909383e-01 3.4754634698e+04
 7 0.050000 0.091667 0.100000 0.007500 1473.000000 3.5647221375e-01 3.2649783068e+04
 7 0.050000 0.091667 0.100000 0.008333 1473.000000 3.5278842144e-01 3.0777237466e+04
 7 0.050000 0.091667 0.100000 0.009167 1473.000000 3.4963989081e-01 2.9111709942e+04
 7 0.050000 0.091667 0.100000 0.010000 1473.000000 3.4692793215e-01 2.7627259269e+04
 7 0.050000 0.091667 0.100000 0.010833 1473.000000 3.4457515575e-01 2.6299871178e+04
 7 0.050000 0.091667 0.100000 0.011667 1473.000000 3.4252016640e-01 2.5108330784e+04
 7 0.050000 0.091667 0.100000 0.012500 1473.000000 3.4071381124e-01 2.4034328262e+04
 7 0.050000 0.091667 0.100000 0.013333 1473.000000 3.3911644112e-01 2.3062243945e+04
 7 0.050000 0.091667 0.100000 0.014167 1473.000000 3.3769586553e-01 2.2178822687e+04
 7 0.050000 0.091667 0.100000 0.015000 1473.000000 3.3642579950e-01 2.1372833018e+04
 7 0.050000 0.112500 0.010000 0.005000 1473.000000 4.1207772268e-01 1.3582175803e+04
 7 0.050000 0.112500 0.010000 0.005833 1473.000000 4.0255669075e-01 1.3435560366e+04
 7 0.050000 0.112500 0.010000 0.006667 1473.000000 3.9422318995e-01 1.3266193880e+04
 7 0.050000 0.112500 0.010000 0.007500 1473.000000 3.8689228997e-01 1.3083459688e+04
 7 0.050000 0.112500 0.010000 0.008333 1473.000000 3.8041721621e-01 1.2894024711e+04
 7 0.050000 0.112500 0.010000 0.009167 1473.000000 3.7467925535e-01 1.2702619119e+04
 7 0.050000 0.112500 0.010000 0.010000 1473.000000 3.6958091247e-01 1.2512580658e+04
 7 0.050000 0.112500 0.010000 0.010833 1473.000000 3.6504109755e-01 1.2326238998e+04
 7 0.050000 0.112500 0.010000 0.011667 1473.000000 3.6099163542e-01 1.2145189940e+04
 7 0.050000 0.112500 0.010000 0.012500 1473.000000 3.5737467200e-01 1.1970492871e+04
 7 0.050000 0.112500 0.010000 0.013333 1473.000000 3.5414070711e-01 1.1802814170e+04
 7 0.050000 0.112500 0.010000 0.014167 1473.000000 3.5124707725e-01 1.1642532152e+04
 7 0.050000 0.112500 0.010000 0.015000 1473.000000 3.4865676885e-01 1.1489814388e+04
 7 0.050000 0.112500 0.017500 0.005000 1473.000000 3.9950895184e-01 1.5465674407e+04
 7 0.050000 0.112500 0.017500 0.005833 1473.000000 3.9048288164e-01 1.5265804431e+04
 7 0.050000 0.112500 0.017500 0.006667 1473.000000 3.8275881743e-01 1.5031424104e+04
 7 0.050000 0.112500 0.017500 0.007500 1473.000000 3.7609638494e-01 1.4778008046e+04
 7 0.050000 0.112500 0.017500 0.008333 1473.000000 3.7031309204e-01 1.4516008114e+04
 7 0.050000 0.112500 0.017500 0.009167 1473.000000 3.6526694256e-01 1.4252477885e+04
 7 0.050000 0.112500 0.017500 0.010000 1473.000000 3.6084526362e-01 1.3992145628e+04
 7 0.050000 0.112500 0.017500 0.010833 1473.000000 3.5695720099e-01 1.3738133943e+04
 7 0.050000 0.112500 0.017500 0.011667 1473.000000 3.5352849561e-01 1.3492449002e+04
 7 0.050000 0.112500 0.017500 0.012500 1473.000000 3.5049774186e-01 1.3256317177e+04
 7 0.050000 0.112500 0.017500 0.013333 1473.000000 3.4781364299e-01 1.3030419107e+04
 7 0.050000 0.112500 0.017500 0.014167 1473.000000 3.4543295851e-01 1.2815053944e+04
 7 0.050000 0.112500 0.017500 0.015000 1473.000000 3.4331894351e-01 1.2610255514e+04
 7 0.050000 0.112500 0.025000 0.005000 1473.000000 3.9031705942e-01 1.7496747693e+04
 7 0.050000 0.112500 0.025000 0.005833 1473.000000 3.8181487058e-01 1.7199122790e+04
 7 0.050000 0.112500 0.025000 0.006667 1473.000000 3.7465707592e-01 1.6862457514e+04
 7 0.050000 0.112500 0.025000 0.007500 1473.000000 3.6857091511e-01 1.6507662562e+04
 7 0.050000 0.112500 0.025000 0.008333 1473.000000 3.6335456735e-01 1.6148090355e+04
 7 0.050000 0.112500 0.025000 0.009167 1473.000000 3.5885453053e-01 1.5792225387e+04
 7 0.050000 0.112500 0.025000 0.010000 1473.000000 3.5495147885e-01 1.5445375618e+04
 7 0.050000 0.112500 0.025000 0.010833 1473.000000 3.5155098490e-01 1.5110755941e+04
 7 0.050000 0.112500 0.025000 0.011667 1473.000000 3.4857719687e-01 1.4790193485e+04
 7 0.050000 0.112500 0.025000 0.012500 1473.000000 3.4596839618e-01 1.4484593138e+04
 7 0.050000 0.112500 0.025000 0.013333 1473.000000 3.4367379758e-01 1.4194248373e+04
 7 0.050000 0.112500 0.025000 0.014167 1473.000000 3.4165119604e-01 1.3919050762e+04
 7 0.050000 0.112500 0.025000 0.015000 1473.000000 3.3986520588e-01 1.3658632221e+04
 7 0.050000 0.112500 0.032500 0.005000 1473.000000 3.8365503592e-01 1.9621350414e+04
 7 0.050000 0.112500 0.032500 0.005833 1473.000000 3.7561986448e-01 1.9185862807e+04
 7 0.050000 0.112500 0.032500 0.006667 1473.000000 3.6893774537e-01 1.8715301875e+04
 7 0.050000 0.112500 0.032500 0.007500 1473.000000 3.6331698025e-01 1.8234535922e+04
 7 0.050000 0.112500 0.032500 0.008333 1473.000000 3.5854534002e-01 1.7758440799e+04
 7 0.050000 0.112500 0.032500 0.009167 1473.000000 3.5446384742e-01 1.7295762387e+04
 7 0.050000 0.112500 0.032500 0.010000 1473.000000 3.5095063812e-01 1.6851436437e+04
 7 0.050000 0.112500 0.032500 0.010833 1473.000000 3.4791051850e-01 1.6428011742e+04
 7 0.050000 0.112500 0.032500 0.011667 1473.000000 3.4526794076e-01 1.6026538745e+04
 7 0.050000 0.112500 0.032500 0.012500 1473.000000 3.4296212791e-01 1.5647132342e+04
 7 0.050000 0.112500 0.032500 0.013333 1473.000000 3.4094360329e-01 1.5289332314e+04
 7 0.050000 0.112500 0.032500 0.014167 1473.000000 3.3917166717e-01 1.4952335937e+04
 7 0.050000 0.112500 0.032500 0.015000 1473.000000 3.3761252843e-01 1.4635148724e+04
 7 0.050000 0.112500 0.040000 0.005000 1473.000000 3.7887861293e-01 2.1806197025e+04
 7 0.050000 0.112500 0.040000 0.005833 1473.000000 3.7123186277e-01 2.1197809312e+04
 7 0.050000 0.112500 0.040000 0.006667 1473.000000 3.6493165201e-01 2.0567024210e+04
 7 0.050000 0.112500 0.040000 0.007500 1473.000000 3.5967509102e-01 1.9940737939e+04
 7 0.050000 0.112500 0.040000 0.008333 1473.000000 3.5524444914e-01 1.9333757132e+04
 7 0.050000 0.112500 0.040000 0.009167 1473.000000 3.5147842261e-01 1.8753838815e+04
 7 0.050000 0.112500 0.040000 0.010000 1473.000000 3.4825462401e-01 1.8204587422e+04
 7 0.050000 0.112500 0.040000 0.010833 1473.000000 3.4547835921e-01 1.7687157661e+04
 7 0.050000 0.112500 0.040000 0.011667 1473.000000 3.4307514637e-01 1.7201273098e+04
 7 0.050000 0.112500 0.040000 0.012500 1473.000000 3.4098557051e-01 1.6745843253e+04
 7 0.050000 0.112500 0.040000 0.013333 1473.000000 3.3916165197e-01 1.6319340356e+04
 7 0.050000 0.112500 0.040000 0.014167 1473.000000 3.3756422747e-01 1.5920029854e+04
 7 0.050000 0.112500 0.040000 0.015000 1473.000000 3.3616102571e-01 1.5546110710e+04
 7 0.050000 0.112500 0.047500 0.005000 1473.000000 3.7552631114e-01 2.4030787754e+04
 7 0.050000 0.112500 0.047500 0.005833 1473.000000 3.6819089248e-01 2.3219579355e+04
 7 0.050000 0.112500 0.047500 0.006667 1473.000000 3.6218863328e-01 2.2406857798e+04
 7 0.050000 0.112500 0.047500 0.007500 1473.000000 3.5721035787e-01 2.1619493460e+04
 7 0.050000 0.112500 0.047500 0.008333 1473.000000 3.5303579760e-01 2.0870625767e+04
 7 0.050000 0.112500 0.047500 0.009167 1473.000000 3.4950310065e-01 2.0165821826e+04
 7 0.050000 0.112500 0.047500 0.010000 1473.000000 3.4649039024e-01 1.9506465449e+04
 7 0.050000 0.112500 0.047500 0.010833 1473.000000 3.4390403044e-01 1.8891662643e+04
 7 0.050000 0.112500 0.047500 0.011667 1473.000000 3.4167085943e-01 1.8319328931e+04
 7 0.050000 0.112500 0.047500 0.012500 1473.000000 3.3973288351e-01 1.7786814482e+04
 7 0.050000 0.112500 0.047500 0.013333 1473.000000 3.3804355612e-01 1.7291263112e+04
 7 0.050000 0.112500 0.047500 0.014167 1473.000000 3.3656511005e-01 1.6829815778e+04
 7 0.050000 0.112500 0.047500 0.015000 1473.000000 3.3526660787e-01 1.6399722314e+04
 7 0.050000 0.112500 0.055000 0.005000 1473.000000 3.7326901621e-01 2.6281743274e+04
 7 0.050000 0.112500 0.055000 0.005833 1473.000000 3.6617742771e-01 2.5242908112e+04
 7 0.050000 0.112500 0.055000 0.006667 1473.000000 3.6040186335e-01 2.4230630153e+04
 7 0.050000 0.112500 0.055000 0.007500 1473.000000 3.5563061885e-01 2.3269852525e+04
 7 0.050000 0.112500 0.055000 0.008333 1473.000000 3.5164303247e-01 2.2370604335e+04
 7 0.050000 0.112500 0.055000 0.009167 1473.000000 3.4827788645e-01 2.1535200069e+04
 7 0.050000 0.112500 0.055000 0.010000 1473.000000 3.4541441403e-01 2.0762030198e+04
 7 0.050000 0.112500 0.055000 0.010833 1473.000000 3.4296028342e-01 2.0047592776e+04
 7 0.050000 0.112500 0.055000 0.011667 1473.000000 3.4084368612e-01 1.9387590829e+04
 7 0.050000 0.112500 0.055000 0.012500 1473.000000 3.3900795755e-01 1.8777522391e+04
 7 0.050000 0.112500 0.055000 0.013333 1473.000000 3.3740782070e-01 1.8212990547e+04
 7 0.050000 0.112500 0.055000 0.014167 1473.000000 3.3600670305e-01 1.7689857522e+04
 7 0.050000 0.112500 0.055000 0.015000 1473.000000 3.3477478233e-01 1.7204311807e+04
 7 0.050000 0.112500 0.062500 0.005000 1473.000000 3.7186627752e-01 2.8548785072e+04
 7 0.050000 0.112500 0.062500 0.005833 1473.000000 3.6496374606e-01 2.7262799666e+04
 7 0.050000 0.112500 0.062500 0.006667 1473.000000 3.5935659650e-01 2.6037191343e+04
 7 0.050000 0.112500 0.062500 0.007500 1473.000000 3.5473419945e-01 2.4893453382e+04
 7 0.050000 0.112500 0.062500 0.008333 1473.000000 3.5087747052e-01 2.3837341023e+04
 7 0.050000 0.112500 0.062500 0.009167 1473.000000 3.4762684807e-01 2.2867057631e+04
 7 0.050000 0.112500 0.062500 0.010000 1473.000000 3.4486314436e-01 2.1977376736e+04
 7 0.050000 0.112500 0.062500 0.010833 1473.000000 3.4249548015e-01 2.1161738520e+04
 7 0.050000 0.112500 0.062500 0.011667 1473.000000 3.4045336612e-01 2.0413309712e+04
 7 0.050000 0.112500 0.062500 0.012500 1473.000000 3.3868133228e-01 1.9725503261e+04
 7 0.050000 0.112500 0.062500 0.013333 1473.000000 3.3713518499e-01 1.9092213841e+04
 7 0.050000 0.112500 0.062500 0.014167 1473.000000 3.3577933735e-01 1.8507904162e+04
 7 0.050000 0.112500 0.062500 0.015000 1473.000000 3.3458486664e-01 1.7967614309e+04
 7 0.050000 0.112500 0.070000 0.005000 1473.000000 3.7113460354e-01 3.0821971306e+04
 7 0.050000 0.112500 0.070000 0.005833 1473.000000 3.6438079979e-01 2.9274947319e+04
 7 0.050000 0.112500 0.070000 0.006667 1473.000000 3.5889675513e-01 2.7826098366e+04
 7 0.050000 0.112500 0.070000 0.007500 1473.000000 3.5437693973e-01 2.6492496953e+04
 7 0.050000 0.112500 0.070000 0.008333 1473.000000 3.5060603015e-01 2.5274836353e+04
 7 0.050000 0.112500 0.070000 0.009167 1473.000000 3.4742725364e-01 2.4166605663e+04
 7 0.050000 0.112500 0.070000 0.010000 1473.000000 3.4472353254e-01 2.3158512775e+04
 7 0.050000 0.112500 0.070000 0.010833 1473.000000 3.4240562860e-01 2.2240611137e+04
 7 0.050000 0.112500 0.070000 0.011667 1473.000000 3.4040436808e-01 2.1403292099e+04
 7 0.050000 0.112500 0.070000 0.012500 1473.000000 3.3866536792e-01 2.0637710505e+04
 7 0.050000 0.112500 0.070000 0.013333 1473.000000 3.3714535724e-01 1.9935927742e+04
 7 0.050000 0.112500 0.070000 0.014167 1473.000000 3.3580955066e-01 1.9290917015e+04
 7 0.050000 0.112500 0.070000 0.015000 1473.000000 3.3462973429e-01 1.8696505227e+04
 7 0.050000 0.112500 0.077500 0.005000 1473.000000 3.7092603742e-01 3.3089943981e+04
 7 0.050000 0.112500 0.077500 0.005833 1473.000000 3.6429627013e-01 3.1274078308e+04
 7 0.050000 0.112500 0.077500 0.006667 1473.000000 3.5890316679e-01 2.9596145753e+04
 7 0.050000 0.112500 0.077500 0.007500 1473.000000 3.5445102802e-01 2.8068488989e+04
 7 0.050000 0.112500 0.077500 0.008333 1473.000000 3.5073090835e-01 2.6686392407e+04
 7 0.050000 0.112500 0.077500 0.009167 1473.000000 3.4759023423e-01 2.5438321249e+04
 7 0.050000 0.112500 0.077500 0.010000 1473.000000 3.4491475602e-01 2.4310665530e+04
 7 0.050000 0.112500 0.077500 0.010833 1473.000000 3.4261719733e-01 2.3289895658e+04
 7 0.050000 0.112500 0.077500 0.011667 1473.000000 3.4062979486e-01 2.2363478801e+04
 7 0.050000 0.112500 0.077500 0.012500 1473.000000 3.3889922086e-01 2.1520200762e+04
 7 0.050000 0.112500 0.077500 0.013333 1473.000000 3.3738302719e-01 2.0750207849e+04
 7 0.050000 0.112500 0.077500 0.014167 1473.000000 3.3604709547e-01 2.0044923941e+04
 7 0.050000 0.112500 0.077500 0.015000 1473.000000 3.3486377120e-01 1.9396919251e+04
 7 0.050000 0.112500 0.085000 0.005000 1473.000000 3.7111443313e-01 3.5339014015e+04
 7 0.050000 0.112500 0.085000 0.005833 1473.000000 3.6460036584e-01 3.3253008548e+04
 7 0.050000 0.112500 0.085000 0.006667 1473.000000 3.5927943512e-01 3.1344500979e+04
 7 0.050000 0.112500 0.085000 0.007500 1473.000000 3.5487125500e-01 2.9621498984e+04
 7 0.050000 0.112500 0.085000 0.008333 1473.000000 3.5117639825e-01 2.8074004437e+04
 7 0.050000 0.112500 0.085000 0.009167 1473.000000 3.4804826954e-01 2.6685464109e+04
 7 0.050000 0.112500 0.085000 0.010000 1473.000000 3.4537642838e-01 2.5437908630e+04
 7 0.050000 0.112500 0.085000 0.010833 1473.000000 3.4307607277e-01 2.4314171413e+04
 7 0.050000 0.112500 0.085000 0.011667 1473.000000 3.4108108775e-01 2.3298743590e+04
 7 0.050000 0.112500 0.085000 0.012500 1473.000000 3.3933927852e-01 2.2377997370e+04
 7 0.050000 0.112500 0.085000 0.013333 1473.000000 3.3780900503e-01 2.1540127842e+04
 7 0.050000 0.112500 0.085000 0.014167 1473.000000 3.3645674912e-01 2.0774981230e+04
 7 0.050000 0.112500 0.085000 0.015000 1473.000000 3.3525532096e-01 2.0073849373e+04
 7 0.050000 0.112500 0.092500 0.005000 1473.000000 3.7158723271e-01 3.7552936640e+04
 7 0.050000 0.112500 0.092500 0.005833 1473.000000 3.6519693768e-01 3.5202264312e+04
 7 0.050000 0.112500 0.092500 0.006667 1473.000000 3.5994290771e-01 3.3066306459e+04
 7 0.050000 0.112500 0.092500 0.007500 1473.000000 3.5556612742e-01 3.1149795810e+04
 7 0.050000 0.112500 0.092500 0.008333 1473.000000 3.5188030786e-01 2.9438052769e+04
 7 0.050000 0.112500 0.092500 0.009167 1473.000000 3.4874699816e-01 2.7909833821e+04
 7 0.050000 0.112500 0.092500 0.010000 1473.000000 3.4606084888e-01 2.6542984945e+04
 7 0.050000 0.112500 0.092500 0.010833 1473.000000 3.4374027372e-01 2.5316794600e+04
 7 0.050000 0.112500 0.092500 0.011667 1473.000000 3.4172121677e-01 2.4212826271e+04
 7 0.050000 0.112500 0.092500 0.012500 1473.000000 3.3995282538e-01 2.3215063892e+04
 7 0.050000 0.112500 0.092500 0.013333 1473.000000 3.3839435420e-01 2.2309764263e+04
 7 0.050000 0.112500 0.092500 0.014167 1473.000000 3.3701289801e-01 2.1485202136e+04
 7 0.050000 0.112500 0.092500 0.015000 1473.000000 3.3578170021e-01 2.0731393478e+04
 7 0.050000 0.112500 0.100000 0.005000 1473.000000 3.7224116133e-01 3.9713259029e+04
 7 0.050000 0.112500 0.100000 0.005833 1473.000000 3.6599829387e-01 3.7110132686e+04
 7 0.050000 0.112500 0.100000 0.006667 1473.000000 3.6081909383e-01 3.4754634698e+04
 7 0.050000 0.112500 0.100000 0.007500 1473.000000 3.5647221375e-01 3.2649783068e+04
 7 0.050000 0.112500 0.100000 0.008333 1473.000000 3.5278842144e-01 3.0777237466e+04
 7 0.050000 0.112500 0.100000 0.009167 1473.000000 3.4963989081e-01 2.9111709942e+04
 7 0.050000 0.112500 0.100000 0.010000 1473.000000 3.4692793215e-01 2.7627259269e+04
 7 0.050000 0.112500 0.100000 0.010833 1473.000000 3.4457515575e-01 2.6299871178e+04
 7 0.050000 0.112500 0.100000 0.011667 1473.000000 3.4252016640e-01 2.5108330784e+04
 7 0.050000 0.112500 0.100000 0.012500 1473.000000 3.4071381124e-01 2.4034328262e+04
 7 0.050000 0.112500 0.100000 0.013333 1473.000000 3.3911644112e-01 2.3062243945e+04
 7 0.050000 0.112500 0.100000 0.014167 1473.000000 3.3769586553e-01 2.2178822687e+04
 7 0.050000 0.112500 0.100000 0.015000 1473.000000 3.3642579950e-01 2.1372833018e+04
 7 0.050000 0.133333 0.010000 0.005000 1473.000000 4.1207772268e-01 1.3582175803e+04
 7 0.050000 0.133333 0.010000 0.005833 1473.000000 4.0255669075e-01 1.3435560366e+04
 7 0.050000 0.133333 0.010000 0.006667 1473.000000 3.9422318995e-01 1.3266193880e+04
 7 0.050000 0.133333 0.010000 0.007500 1473.000000 3.8689228997e-01 1.3083459688e+04
 7 0.050000 0.133333 0.010000 0.008333 1473.000000 3.8041721621e-01 1.2894024711e+04
 7 0.050000 0.133333 0.010000 0.009167 1473.000000 3.7467925535e-01 1.2702619119e+04
 7 0.050000 0.133333 0.010000 0.010000 1473.000000 3.6958091247e-01 1.2512580658e+04
 7 0.050000 0.133333 0.010000 0.010833 1473.000000 3.6504109755e-01 1.2326238998e+04
 7 0.050000 0.133333 0.010000 0.011667 1473.000000 3.6099163542e-01 1.2145189940e+04
 7 0.050000 0.133333 0.010000 0.012500 1473.000000 3.5737467200e-01 1.1970492871e+04
 7 0.050000 0.133333 0.010000 0.013333 1473.000000 3.5414070711e-01 1.1802814170e+04
 7 0.050000 0.133333 0.010000 0.014167 1473.000000 3.5124707725e-01 1.1642532152e+04
 7 0.050000 0.133333 0.010000 0.015000 1473.000000 3.4865676885e-01 1.1489814388e+04
 7 0.050000 0.133333 0.017500 0.005000 1473.000000 3.9950895184e-01 1.5465674407e+04
 7 0.050000 0.133333 0.017500 0.005833 1473.000000 3.9048288164e-01 1.5265804431e+04
 7 0.050000 0.133333 0.017500 0.006667 1473.000000 3.8275881743e-01 1.5031424104e+04
 7 0.050000 0.133333 0.017500 0.007500 1473.000000 3.7609638494e-01 1.4778008046e+04
 7 0.050000 0.133333 0.017500 0.008333 1473.000000 3.7031309204e-01 1.4516008114e+04
 7 0.050000 0.133333 0.017500 0.009167 1473.000000 3.6526694256e-01 1.4252477885e+04
 7 0.050000 0.133333 0.017500 0.010000 1473.000000 3.6084526362e-01 1.3992145628e+04
 7 0.050000 0.133333 0.017500 0.010833 1473.000000 3.5695720099e-01 1.3738133943e+04
 7 0.050000 0.133333 0.017500 0.011667 1473.000000 3.5352849561e-01 1.3492449002e+04
 7 0.050000 0.133333 0.017500 0.012500 1473.000000 3.5049774186e-01 1.3256317177e+04
 7 0.050000 0.133333 0.017500 0.013333 1473.000000 3.4781364299e-01 1.3030419107e+04
 7 0.050000 0.133333 0.017500 0.014167 1473.000000 3.4543295851e-01 1.2815053944e+04
 7 0.050000 0.133333 0.017500 0.015000 1473.000000 3.4331894351e-01 1.2610255514e+04
 7 0.050000 0.133333 0.025000 0.005000 1473.000000 3.9031705942e-01 1.7496747693e+04
 7 0.050000 0.133333 0.025000 0.005833 1473.000000 3.8181487058e-01 1.7199122790e+04
 7 0.050000 0.133333 0.025000 0.006667 1473.000000 3.7465707592e-01 1.6862457514e+04
 7 0.050000 0.133333 0.025000 0.007500 1473.000000 3.6857091511e-01 1.6507662562e+04
 7 0.050000 0.133333 0.025000 0.008333 1473.000000 3.6335456735e-01 1.6148090355e+04
 7 0.050000 0.133333 0.025000 0.009167 1473.000000 3.5885453053e-01 1.5792225387e+04
 7 0.050000 0.133333 0.025000 0.010000 1473.000000 3.5495147885e-01 1.5445375618e+04
 7 0.050000 0.133333 0.025000 0.010833 1473.000000 3.5155098490e-01 1.5110755941e+04
 7 0.050000 0.133333 0.025000 0.011667 1473.000000 3.4857719687e-01 1.4790193485e+04
 7 0.050000 0.133333 0.025000 0.012500 1473.000000 3.4596839618e-01 1.4484593138e+04
 7 0.050000 0.133333 0.025000 0.013333 1473.000000 3.4367379758e-01 1.4194248373e+04
 7 0.050000 0.133333 0.025000 0.014167 1473.000000 3.4165119604e-01 1.3919050762e+04
 7 0.050000 0.133333 0.025000 0.015000 1473.000000 3.3986520588e-01 1.3658632221e+04
 7 0.050000 0.133333 0.032500 0.005000 1473.000000 3.8365503592e-01 1.9621350414e+04
 7 0.050000 0.133333 0.032500 0.005833 1473.000000 3.7561986448e-01 1.9185862807e+04
 7 0.050000 0.133333 0.032500 0.006667 1473.000000 3.6893774537e-01 1.8715301875e+04
 7 0.050000 0.133333 0.032500 0.007500 1473.000000 3.6331698025e-01 1.8234535922e+04
 7 0.050000 0.133333 0.032500 0.008333 1473.000000 3.5854534002e-01 1.7758440799e+04
 7 0.050000 0.133333 0.032500 0.009167 1473.000000 3.5446384742e-01 1.7295762387e+04
 7 0.050000 0.133333 0.032500 0.010000 1473.000000 3.5095063812e-01 1.6851436437e+04
 7 0.050000 0.133333 0.032500 0.010833 1473.000000 3.4791051850e-01 1.6428011742e+04
 7 0.050000 0.133333 0.032500 0.011667 1473.000000 3.4526794076e-01 1.6026538745e+04
 7 0.050000 0.133333 0.032500 0.012500 1473.000000 3.4296212791e-01 1.5647132342e+04
 7 0.050000 0.133333 0.032500 0.013333 1473.000000 3.4094360329e-01 1.5289332314e+04
 7 0.050000 0.133333 0.032500 0.014167 1473.000000 3.3917166717e-01 1.4952335937e+04
 7 0.050000 0.133333 0.032500 0.015000 1473.000000 3.3761252843e-01 1.4635148724e+04
 7 0.050000 0.133333 0.040000 0.005000 1473.000000 3.7887861293e-01 2.1806197025e+04
 7 0.050000 0.133333 0.040000 0.005833 1473.000000 3.7123186277e-01 2.1197809312e+04
 7 0.050000 0.133333 0.040000 0.006667 1473.000000 3.6493165201e-01 2.0567024210e+04
 7 0.050000 0.133333 0.040000 0.007500 1473.000000 3.5967509102e-01 1.9940737939e+04
 7 0.050000 0.133333 0.040000 0.008333 1473.000000 3.5524444914e-01 1.9333757132e+04
 7 0.050000 0.133333 0.040000 0.009167 1473.000000 3.5147842261e-01 1.8753838815e+04
 7 0.050000 0.133333 0.040000 0.010000 1473.000000 3.4825462401e-01 1.8204587422e+04
 7 0.050000 0.133333 0.040000 0.010833 1473.000000 3.4547835921e-01 1.7687157661e+04
 7 0.050000 0.133333 0.040000 0.011667 1473.000000 3.4307514637e-01 1.7201273098e+04
 7 0.050000 0.133333 0.040000 0.012500 1473.000000 3.4098557051e-01 1.6745843253e+04
 7 0.050000 0.133333 0.040000 0.013333 1473.000000 3.3916165197e-01 1.6319340356e+04
 7 0.050000 0.133333 0.040000 0.014167 1473.000000 3.3756422747e-01 1.5920029854e+04
 7 0.050000 0.133333 0.040000 0.015000 1473.000000 3.3616102571e-01 1.5546110710e+04
 7 0.050000 0.133333 0.047500 0.005000 1473.000000 3.7552631114e-01 2.4030787754e+04
 7 0.050000 0.133333 0.047500 0.005833 1473.000000 3.6819089248e-01 2.3219579355e+04
 7 0.050000 0.133333 0.047500 0.006667 1473.000000 3.6218863328e-01 2.2406857798e+04
 7 0.050000 0.133333 0.047500 0.007500 1473.000000 3.5721035787e-01 2.1619493460e+04
 7 0.050000 0.133333 0.047500 0.008333 1473.000000 3.5303579760e-01 2.0870625767e+04
 7 0.050000 0.133333 0.047500 0.009167 1473.000000 3.4950310065e-01 2.0165821826e+04
 7 0.050000 0.133333 0.047500 0.010000 1473.000000 3.4649039024e-01 1.9506465449e+04
 7 0.050000 0.133333 0.047500 0.010833 1473.000000 3.4390403044e-01 1.8891662643e+04
 7 0.050000 0.133333 0.047500 0.011667 1473.000000 3.4167085943e-01 1.8319328931e+04
 7 0.050000 0.133333 0.047500 0.012500 1473.000000 3.3973288351e-01 1.7786814482e+04
 7 0.050000 0.133333 0.047500 0.013333 1473.000000 3.3804355612e-01 1.7291263112e+04
 7 0.050000 0.133333 0.047500 0.014167 1473.000000 3.3656511005e-01 1.6829815778e+04
 7 0.050000 0.133333 0.047500 0.015000 1473.000000 3.3526660787e-01 1.6399722314e+04
 7 0.050000 0.133333 0.055000 0.005000 1473.000000 3.7326901621e-01 2.6281743274e+04
 7 0.050000 0.133333 0.055000 0.005833 1473.000000 3.6617742771e-01 2.5242908112e+04
 7 0.050000 0.133333 0.055000 0.006667 1473.000000 3.6040186335e-01 2.4230630153e+04
 7 0.050000 0.133333 0.055000 0.007500 1473.000000 3.5563061885e-01 2.3269852525e+04
 7 0.050000 0.133333 0.055000 0.008333 1473.000000 3.5164303247e-01 2.2370604335e+04
 7 0.050000 0.133333 0.055000 0.009167 1473.000000 3.4827788645e-01 2.1535200069e+04
 7 0.050000 0.133333 0.055000 0.010000 1473.000000 3.4541441403e-01 2.0762030198e+04
 7 0.050000 0.133333 0.055000 0.010833 1473.000000 3.4296028342e-01 2.0047592776e+04
 7 0.050000 0.133333 0.055000 0.011667 1473.000000 3.4084368612e-01 1.9387590829e+04
 7 0.050000 0.133333 0.055000 0.012500 1473.000000 3.3900795755e-01 1.8777522391e+04
 7 0.050000 0.133333 0.055000 0.013333 1473.000000 3.3740782070e-01 1.8212990547e+04
 7 0.050000 0.133333 0.055000 0.014167 1473.000000 3.3600670305e-01 1.7689857522e+04
 7 0.050000 0.133333 0.055000 0.015000 1473.000000 3.3477478233e-01 1.7204311807e+04
 7 0.050000 0.133333 0.062500 0.005000 1473.000000 3.7186627752e-01 2.8548785072e+04
 7 0.050000 0.133333 0.062500 0.005833 1473.000000 3.6496374606e-01 2.7262799666e+04
 7 0.050000 0.133333 0.062500 0.006667 1473.000000 3.5935659650e-01 2.6037191343e+04
 7 0.050000 0.133333 0.062500 0.007500 1473.000000 3.5473419945e-01 2.4893453382e+04
 7 0.050000 0.133333 0.062500 0.008333 1473.000000 3.5087747052e-01 2.3837341023e+04
 7 0.050000 0.133333 0.062500 0.009167 1473.000000 3.4762684807e-01 2.2867057631e+04
 7 0.050000 0.133333 0.062500 0.010000 1473.000000 3.4486314436e-01 2.1977376736e+04
 7 0.050000 0.133333 0.062500 0.010833 1473.000000 3.4249548015e-01 2.1161738520e+04
 7 0.050000 0.133333 0.062500 0.011667 1473.000000 3.4045336612e-01 2.0413309712e+04
 7 0.050000 0.133333 0.062500 0.012500 1473.000000 3.3868133228e-01 1.9725503261e+04
 7 0.050000 0.133333 0.062500 0.013333 1473.000000 3.3713518499e-01 1.9092213841e+04
 7 0.050000 0.133333 0.062500 0.014167 1473.000000 3.3577933735e-01 1.8507904162e+04
 7 0.050000 0.133333 0.062500 0.015000 1473.000000 3.3458486664e-01 1.7967614309e+04
 7 0.050000 0.133333 0.070000 0.005000 1473.000000 3.7113460354e-01 3.0821971306e+04
 7 0.050000 0.133333 0.070000 0.005833 1473.000000 3.6438079979e-01 2.9274947319e+04
 7 0.050000 0.133333 0.070000 0.006667 1473.000000 3.5889675513e-01 2.7826098366e+04
 7 0.050000 0.133333 0.070000 0.007500 1473.000000 3.5437693973e-01 2.6492496953e+04
 7 0.050000 0.133333 0.070000 0.008333 1473.000000 3.5060603015e-01 2.5274836353e+04
 7 0.050000 0.133333 0.070000 0.009167 1473.000000 3.4742725364e-01 2.4166605663e+04
 7 0.050000 0.133333 0.070000 0.010000 1473.000000 3.4472353254e-01 2.3158512775e+04
 7 0.050000 0.133333 0.070000 0.010833 1473.000000 3.4240562860e-01 2.2240611137e+04
 7 0.050000 0.133333 0.070000 0.011667 1473.000000 3.4040436808e-01 2.1403292099e+04
 7 0.050000 0.133333 0.070000 0.012500 1473.000000 3.3866536792e-01 2.0637710505e+04
 7 0.050000 0.133333 0.070000 0.013333 1473.000000 3.3714535724e-01 1.9935927742e+04
 7 0.050000 0.133333 0.070000 0.014167 1473.000000 3.3580955066e-01 1.9290917015e+04
 7 0.050000 0.133333 0.070000 0.015000 1473.000000 3.3462973429e-01 1.8696505227e+04
 7 0.050000 0.133333 0.077500 0.005000 1473.000000 3.7092603742e-01 3.3089943981e+04
 7 0.050000 0.133333 0.077500 0.005833 1473.000000 3.6429627013e-01 3.1274078308e+04
 7 0.050000 0.133333 0.077500 0.006667 1473.000000 3.5890316679e-01 2.9596145753e+04
 7 0.050000 0.133333 0.077500 0.007500 1473.000000 3.5445102802e-01 2.8068488989e+04
 7 0.050000 0.133333 0.077500 0.008333 1473.000000 3.5073090835e-01 2.6686392407e+04
 7 0.050000 0.133333 0.077500 0.009167 1473.000000 3.4759023423e-01 2.5438321249e+04
 7 0.050000 0.133333 0.077500 0.010000 1473.000000 3.4491475602e-01 2.4310665530e+04
 7 0.050000 0.133333 0.077500 0.010833 1473.000000 3.4261719733e-01 2.3289895658e+04
 7 0.050000 0.133333 0.077500 0.011667 1473.000000 3.4062979486e-01 2.2363478801e+04
 7 0.050000 0.133333 0.077500 0.012500 1473.000000 3.3889922086e-01 2.1520200762e+04
 7 0.050000 0.133333 0.077500 0.013333 1473.000000 3.3738302719e-01 2.0750207849e+04
 7 0.050000 0.133333 0.077500 0.014167 1473.000000 3.3604709547e-01 2.0044923941e+04
 7 0.050000 0.133333 0.077500 0.015000 1473.000000 3.3486377120e-01 1.9396919251e+04
 7 0.050000 0.133333 0.085000 0.005000 1473.000000 3.7111443313e-01 3.5339014015e+04
 7 0.050000 0.133333 0.085000 0.005833 1473.000000 3.6460036584e-01 3.3253008548e+04
 7 0.050000 0.133333 0.085000 0.006667 1473.000000 3.5927943512e-01 3.1344500979e+04
 7 0.050000 0.133333 0.085000 0.007500 1473.000000 3.5487125500e-01 2.9621498984e+04
 7 0.050000 0.133333 0.085000 0.008333 1473.000000 3.5117639825e-01 2.8074004437e+04
 7 0.050000 0.133333 0.085000 0.009167 1473.000000 3.4804826954e-01 2.6685464109e+04
 7 0.050000 0.133333 0.085000 0.010000 1473.000000 3.4537642838e-01 2.5437908630e+04
 7 0.050000 0.133333 0.085000 0.010833 1473.000000 3.4307607277e-01 2.4314171413e+04
 7 0.050000 0.133333 0.085000 0.011667 1473.000000 3.4108108775e-01 2.3298743590e+04
 7 0.050000 0.133333 0.085000 0.012500 1473.000000 3.3933927852e-01 2.2377997370e+04
 7 0.050000 0.133333 0.085000 0.013333 1473.000000 3.3780900503e-01 2.1540127842e+04
 7 0.050000 0.133333 0.085000 0.014167 1473.000000 3.3645674912e-01 2.0774981230e+04
 7 0.050000 0.133333 0.085000 0.015000 1473.000000 3.3525532096e-01 2.0073849373e+04
 7 0.050000 0.133333 0.092500 0.005000 1473.000000 3.7158723271e-01 3.7552936640e+04
 7 0.050000 0.133333 0.092500 0.005833 1473.000000 3.6519693768e-01 3.5202264312e+04
 7 0.050000 0.133333 0.092500 0.006667 1473.000000 3.5994290771e-01 3.3066306459e+04
 7 0.050000 0.133333 0.092500 0.007500 1473.000000 3.5556612742e-01 3.1149795810e+04
 7 0.050000 0.133333 0.092500 0.008333 1473.000000 3.5188030786e-01 2.9438052769e+04
 7 0.050000 0.133333 0.092500 0.009167 1473.000000 3.4874699816e-01 2.7909833821e+04
 7 0.050000 0.133333 0.092500 0.010000 1473.000000 3.4606084888e-01 2.6542984945e+04
 7 0.050000 0.133333 0.092500 0.010833 1473.000000 3.4374027372e-01 2.5316794600e+04
 7 0.050000 0.133333 0.092500 0.011667 1473.000000 3.4172121677e-01 2.4212826271e+04
