 1 0.0000000100
 2 0.0000000100
 3 0.0000000100
 4 0.0000000100
 5 0.0000000100
 6 0.0000000100
 7 0.0000000100
 8 0.0000000100
 9 0.0000000100
 10 0.0000000100
 11 0.0000000100
 12 0.0000000100
 13 0.0000000100
 14 0.0000000100
 15 0.0000000100
 16 0.0000000100
 17 0.0000000100
 18 0.0000000100
 19 0.0000000100
 20 0.0000000100
 21 0.0000000100
 22 0.0000000100
 23 0.0000000100
 24 0.0000000100
 25 0.0000000100
 26 0.0000000100
 27 0.0000000100
 28 0.0000000100
 29 0.0000000100
 30 0.0000000100
 31 0.0000000100
 32 0.0000000100
 33 0.0000000100
 34 0.0000000100
 35 0.0000000100
 36 0.0000000100
 37 0.0000000100
 38 0.0000000100
 39 0.0000000100
 40 0.0000000100
 41 0.0000000100
 42 0.0000000100
 43 0.0000000100
 44 0.0000000100
 45 0.0000000100
 46 0.0000000100
 47 0.0000000100
 48 0.0000000100
 49 0.0000000100
 50 0.0000000100
 51 0.0000000100
 52 0.0000000100
 53 0.0000000100
 54 0.0000000100
 55 0.0000000100
 56 0.0000000100
 57 0.0000000100
 58 0.0000000100
 59 0.0000000100
 60 0.0000000100
 61 0.0000000100
 62 0.0000000100
 63 0.0000000100
 64 0.0000000100
 65 0.0000000100
 66 0.0000000100
 67 0.0000000100
 68 0.0000000100
 69 0.0000000100
 70 0.0000000100
 71 0.0000000100
 72 0.0000000100
 73 0.0000000100
 74 0.0000000100
 75 0.0000000100
 76 0.0000000100
 77 0.0000000100
 78 0.0000000100
 79 0.0000000100
 80 0.0000000100
 81 0.0000000100
 82 0.0000000100
 83 0.0000000100
 84 0.0000000100
 85 0.0000000100
 86 0.0000000100
 87 0.0000000100
 88 0.0000000100
 89 0.0000000100
 90 0.0000000100
 91 0.0000000100
 92 0.0000000100
 93 0.0000000100
 94 0.0000000100
 95 0.0000000100
 96 0.0000000100
 97 0.0000000100
 98 0.0000000100
 99 0.0000000100
 100 0.0000000100
 101 0.0000000100
 102 0.0000000100
 103 0.0000000100
 104 0.0000000100
 105 0.0000000100
 106 0.0000000100
 107 0.0000000100
 108 0.0000000100
 109 0.0000000100
 110 0.0000000100
 111 0.0000000100
 112 0.0000000100
 113 0.0000000100
 114 0.0000000100
 115 0.0000000100
 116 0.0000000100
 117 0.0000000100
 118 0.0000000100
 119 0.0000000100
 120 0.0000000100
 121 0.0000000100
 122 0.0000000100
 123 0.0000000100
 124 0.0000000100
 125 0.0000000100
 126 0.0000000100
 127 0.0000000100
 128 0.0000000100
 129 0.0000000100
 130 0.0000000100
 131 0.0000000100
 132 0.0000000100
 133 0.0000000100
 134 0.0000000100
 135 0.0000000100
 136 0.0000000100
 137 0.0000000100
 138 0.0000000100
 139 0.0000000100
 140 0.0000000100
 141 0.0000000100
 142 0.0000000100
 143 0.0000000100
 144 0.0000000100
 145 0.0000000100
 146 0.0000000100
 147 0.0000000100
 148 0.0000000100
 149 0.0000000100
 150 0.0000000100
 151 0.0000000100
 152 0.0000000100
 153 0.0000000100
 154 0.0000000100
 155 0.0000000100
 156 0.0000000100
 157 0.0000000100
 158 0.0000000100
 159 0.0000000100
 160 0.0000000100
 161 0.0000000100
 162 0.0000000100
 163 0.0000000100
 164 0.0000000100
 165 0.0000000100
 166 0.0000000100
 167 0.0000000100
 168 0.0000000100
 169 0.0000000100
 170 0.0000000100
 171 0.0000000100
 172 0.0000000100
 173 0.0000000100
 174 0.0000000100
 175 0.0000000100
 176 0.0000000100
 177 0.0000000100
 178 0.0000000100
 179 0.0000000100
 180 0.0000000100
 181 0.0000000100
 182 0.0000000100
 183 0.0000000100
 184 0.0000000100
 185 0.0000000100
 186 0.0000000100
 187 0.0000000100
 188 0.0000000100
 189 0.0000000100
 190 0.0000000100
 191 0.0000000100
 192 0.0000000100
 193 0.0000000100
 194 0.0000000100
 195 0.0000000100
 196 0.0000000100
 197 0.0000000100
 198 0.0000000100
 199 0.0000000100
 200 0.0000000100
 201 0.0000000100
 202 0.0000000100
 203 0.0000000100
 204 0.0000000100
 205 0.0000000100
 206 0.0000000100
 207 0.0000000100
 208 0.0000000100
 209 0.0000000100
 210 0.0000000100
 211 0.0000000100
 212 0.0000000100
 213 0.0000000100
 214 0.0000000100
 215 0.0000000100
 216 0.0000000100
 217 0.0000000100
 218 0.0000000100
 219 0.0000000100
 220 0.0000000100
 221 0.0000000100
 222 0.0000000100
 223 0.0000000100
 224 0.0000000100
 225 0.0000000100
 226 0.0000000100
 227 0.0000000100
 228 0.0000000100
 229 0.0000000100
 230 0.0000000063
 231 0.0000000063
 232 0.0000000063
 233 0.0000000064
 234 0.0000000063
 235 0.0000000065
 236 0.0000000064
 237 0.0000000065
 238 0.0000000065
 239 0.0000000066
 240 0.0000000066
 241 0.0000000066
 242 0.0000000067
 243 0.0000000067
 244 0.0000000067
 245 0.0000000068
 246 0.0000000068
 247 0.0000000068
 248 0.0000000069
 249 0.0000000069
 250 0.0000000069
 251 0.0000000070
 252 0.0000000070
 253 0.0000000071
 254 0.0000000071
 255 0.0000000071
 256 0.0000000072
 257 0.0000000072
 258 0.0000000072
 259 0.0000000073
 260 0.0000000073
 261 0.0000000074
 262 0.0000000074
 263 0.0000000074
 264 0.0000000075
 265 0.0000000076
 266 0.0000000075
 267 0.0000000076
 268 0.0000000077
 269 0.0000000077
 270 0.0000000077
 271 0.0000000078
 272 0.0000000078
 273 0.0000000079
 274 0.0000000079
 275 0.0000000080
 276 0.0000000080
 277 0.0000000080
 278 0.0000000081
 279 0.0000000081
 280 0.0000000082
 281 0.0000000083
 282 0.0000000182
 283 0.0000000068
 284 0.0000000084
 285 0.0000000085
 286 0.0000000085
 287 0.0000000086
 288 0.0000000086
 289 0.0000000087
 290 0.0000000087
 291 0.0000000088
 292 0.0000000088
 293 0.0000000089
 294 0.0000000089
 295 0.0000000090
 296 0.0000000090
 297 0.0000000091
 298 0.0000000092
 299 0.0000000092
 300 0.0000000093
 301 0.0000000093
 302 0.0000000094
 303 0.0000000094
 304 0.0000000095
 305 0.0000000096
 306 0.0000000096
 307 0.0000000097
 308 0.0000000097
 309 0.0000000098
 310 0.0000000099
 311 0.0000000099
 312 0.0000000100
 313 0.0000000100
 314 0.0000000101
 315 0.0000000102
 316 0.0000000102
 317 0.0000000103
 318 0.0000000104
 319 0.0000000104
 320 0.0000000106
 321 0.0000000105
 322 0.0000000107
 323 0.0000000107
 324 0.0000000108
 325 0.0000000108
 326 0.0000000110
 327 0.0000000110
 328 0.0000000110
 329 0.0000000112
 330 0.0000000112
 331 0.0000000113
 332 0.0000000114
 333 0.0000000114
 334 0.0000000116
 335 0.0000000116
 336 0.0000000117
 337 0.0000000117
 338 0.0000000119
 339 0.0000000119
 340 0.0000000120
 341 0.0000000121
 342 0.0000000122
 343 0.0000000123
 344 0.0000000123
 345 0.0000000125
 346 0.0000000125
 347 0.0000000126
 348 0.0000000127
 349 0.0000000128
 350 0.0000000129
 351 0.0000000130
 352 0.0000000131
 353 0.0000000132
 354 0.0000000132
 355 0.0000000134
 356 0.0000000135
 357 0.0000000135
 358 0.0000000137
 359 0.0000000138
 360 0.0000000138
 361 0.0000000140
 362 0.0000000141
 363 0.0000000142
 364 0.0000000143
 365 0.0000000144
 366 0.0000000145
 367 0.0000000146
 368 0.0000000148
 369 0.0000000148
 370 0.0000000150
 371 0.0000000151
 372 0.0000000152
 373 0.0000000153
 374 0.0000000154
 375 0.0000000156
 376 0.0000000157
 377 0.0000000158
 378 0.0000000159
 379 0.0000000161
 380 0.0000000162
 381 0.0000000163
 382 0.0000000164
 383 0.0000000166
 384 0.0000000168
 385 0.0000000168
 386 0.0000000170
 387 0.0000000172
 388 0.0000000173
 389 0.0000000174
 390 0.0000000532
 391 0.0000000180
 392 0.0000000182
 393 0.0000000183
 394 0.0000000185
 395 0.0000000187
 396 0.0000000188
 397 0.0000000190
 398 0.0000000192
 399 0.0000000193
 400 0.0000000195
 401 0.0000000196
 402 0.0000000199
 403 0.0000000200
 404 0.0000000202
 405 0.0000000204
 406 0.0000000206
 407 0.0000000207
 408 0.0000000210
 409 0.0000000211
 410 0.0000000213
 411 0.0000000216
 412 0.0000000217
 413 0.0000000219
 414 0.0000000222
 415 0.0000000223
 416 0.0000000226
 417 0.0000000228
 418 0.0000000230
 419 0.0000000232
 420 0.0000000235
 421 0.0000000236
 422 0.0000000240
 423 0.0000000241
 424 0.0000000244
 425 0.0000000246
 426 0.0000000249
 427 0.0000000251
 428 0.0000000254
 429 0.0000000256
 430 0.0000000259
 431 0.0000000262
 432 0.0000000264
 433 0.0000000267
 434 0.0000000270
 435 0.0000000273
 436 0.0000000276
 437 0.0000000278
 438 0.0000000281
 439 0.0000000285
 440 0.0000000287
 441 0.0000000291
 442 0.0000000294
 443 0.0000000297
 444 0.0000000300
 445 0.0000000304
 446 0.0000000307
 447 0.0000000310
 448 0.0000000314
 449 0.0000000317
 450 0.0000000321
 451 0.0000000325
 452 0.0000000328
 453 0.0000000332
 454 0.0000000337
 455 0.0000000340
 456 0.0000000344
 457 0.0000000348
 458 0.0000000352
 459 0.0000000356
 460 0.0000000361
 461 0.0000000365
 462 0.0000000370
 463 0.0000000374
 464 0.0000000378
 465 0.0000000384
 466 0.0000000388
 467 0.0000000393
 468 0.0000000398
 469 0.0000000403
 470 0.0000000409
 471 0.0000000413
 472 0.0000000419
 473 0.0000000424
 474 0.0000000430
 475 0.0000000436
 476 0.0000000442
 477 0.0000000447
 478 0.0000000454
 479 0.0000000459
 480 0.0000000466
 481 0.0000000473
 482 0.0000000478
 483 0.0000000486
 484 0.0000000493
 485 0.0000000499
 486 0.0000000507
 487 0.0000000513
 488 0.0000000522
 489 0.0000000529
 490 0.0000000536
 491 0.0000000545
 492 0.0000000553
 493 0.0000000561
 494 0.0000000570
 495 0.0000000578
 496 0.0000000587
 497 0.0000000596
 498 0.0000000606
 499 0.0000000615
 500 0.0000000625
 501 0.0000000635
 502 0.0000000645
 503 0.0000000656
 504 0.0000000666
 505 0.0000000678
 506 0.0000000688
 507 0.0000000701
 508 0.0000000712
 509 0.0000000724
 510 0.0000000737
 511 0.0000000750
 512 0.0000000762
 513 0.0000000777
 514 0.0000000790
 515 0.0000000804
 516 0.0000000819
 517 0.0000000834
 518 0.0000000850
 519 0.0000000865
 520 0.0000000882
 521 0.0000000898
 522 0.0000000916
 523 0.0000000933
 524 0.0000000952
 525 0.0000000971
 526 0.0000000990
 527 0.0000001010
 528 0.0000001030
 529 0.0000001050
 530 0.0000001080
 531 0.0000001090
 532 0.0000001120
 533 0.0000001150
 534 0.0000001170
 535 0.0000001190
 536 0.0000001220
 537 0.0000001250
 538 0.0000001280
 539 0.0000001300
 540 0.0000001340
 541 0.0000001370
 542 0.0000001400
 543 0.0000001430
 544 0.0000001470
 545 0.0000001510
 546 0.0000001540
 547 0.0000001580
 548 0.0000001630
 549 0.0000001660
 550 0.0000001710
 551 0.0000001750
 552 0.0000001810
 553 0.0000001850
 554 0.0000001900
 555 0.0000001960
 556 0.0000002010
 557 0.0000002070
 558 0.0000002130
 559 0.0000002190
 560 0.0000002270
 561 0.0000002330
 562 0.0000002400
 563 0.0000002480
 564 0.0000002560
 565 0.0000002640
 566 0.0000002740
 567 0.0000002820
 568 0.0000002920
 569 0.0000003030
 570 0.0000003130
 571 0.0000003250
 572 0.0000003370
 573 0.0000003490
 574 0.0000003630
 575 0.0000003770
 576 0.0000003920
 577 0.0000004080
 578 0.0000004250
 579 0.0000004440
 580 0.0000004620
 581 0.0000004830
 582 0.0000005050
 583 0.0000005290
 584 0.0000005540
 585 0.0000005800
 586 0.0000006100
 587 0.0000006410
 588 0.0000006750
 589 0.0000007110
 590 0.0000007510
 591 0.0000007930
 592 0.0000008410
 593 0.0000008910
 594 0.0000009470
 595 0.0000010080
 596 0.0000010750
 597 0.0000011500
 598 0.0000012310
 599 0.0000013230
 600 0.0000014250
 601 0.0000015380
 602 0.0000016670
 603 0.0000018110
 604 0.0000019770
 605 0.0000021640
 606 0.0000023810
 607 0.0000026320
 608 0.0000029240
 609 0.0000000000
