  5  0.100000  0.100000     0.555556       1500.000000   0.5895652641  5.9549646292e+04
  5  0.100000  0.100000     0.666667       1500.000000   0.5520894568  6.9493374819e+04
  5  0.100000  0.122222     0.555556       1500.000000   0.5895652641  5.9549646292e+04
  5  0.100000  0.122222     0.666667       1500.000000   0.5520894568  6.9493374819e+04
  5  0.100000  0.144444     0.555556       1500.000000   0.5895652641  5.9549646292e+04
  5  0.100000  0.144444     0.666667       1500.000000   0.5520894568  6.9493374819e+04
  5  0.100000  0.166667     0.555556       1500.000000   0.5895652641  5.9549646292e+04
  5  0.100000  0.166667     0.666667       1500.000000   0.5520894568  6.9493374819e+04
  5  0.100000  0.188889     0.555556       1500.000000   0.5895652641  5.9549646292e+04
  5  0.100000  0.188889     0.666667       1500.000000   0.5520894568  6.9493374819e+04
  5  0.100000  0.211111     0.555556       1500.000000   0.5895652641  5.9549646292e+04
  5  0.100000  0.211111     0.666667       1500.000000   0.5520894568  6.9493374819e+04
  5  0.100000  0.233333     0.555556       1500.000000   0.5895652641  5.9549646292e+04
  5  0.100000  0.233333     0.666667       1500.000000   0.5520894568  6.9493374819e+04
  5  0.100000  0.255556     0.555556       1500.000000   0.5895652641  5.9549646292e+04
  5  0.100000  0.255556     0.666667       1500.000000   0.5520894568  6.9493374819e+04
  5  0.100000  0.277778     0.555556       1500.000000   0.5895652641  5.9549646292e+04
  5  0.100000  0.277778     0.666667       1500.000000   0.5520894568  6.9493374819e+04
  5  0.100000  0.300000     0.555556       1500.000000   0.5895652641  5.9549646292e+04
  5  0.100000  0.300000     0.666667       1500.000000   0.5520894568  6.9493374819e+04
  5  0.122222  0.100000     0.555556       1500.000000   0.5764780485  6.1725955057e+04
  5  0.122222  0.100000     0.666667       1500.000000   0.5197669812  6.9785631280e+04
  5  0.122222  0.122222     0.555556       1500.000000   0.5764780485  6.1725955057e+04
  5  0.122222  0.122222     0.666667       1500.000000   0.5197669812  6.9785631280e+04
  5  0.122222  0.144444     0.555556       1500.000000   0.5764780485  6.1725955057e+04
  5  0.122222  0.144444     0.666667       1500.000000   0.5197669812  6.9785631280e+04
  5  0.122222  0.166667     0.555556       1500.000000   0.5764780485  6.1725955057e+04
  5  0.122222  0.166667     0.666667       1500.000000   0.5197669812  6.9785631280e+04
  5  0.122222  0.188889     0.555556       1500.000000   0.5764780485  6.1725955057e+04
  5  0.122222  0.188889     0.666667       1500.000000   0.5197669812  6.9785631280e+04
  5  0.122222  0.211111     0.555556       1500.000000   0.5764780485  6.1725955057e+04
  5  0.122222  0.211111     0.666667       1500.000000   0.5197669812  6.9785631280e+04
  5  0.122222  0.233333     0.555556       1500.000000   0.5764780485  6.1725955057e+04
  5  0.122222  0.233333     0.666667       1500.000000   0.5197669812  6.9785631280e+04
  5  0.122222  0.255556     0.555556       1500.000000   0.5764780485  6.1725955057e+04
  5  0.122222  0.255556     0.666667       1500.000000   0.5197669812  6.9785631280e+04
  5  0.122222  0.277778     0.555556       1500.000000   0.5764780485  6.1725955057e+04
  5  0.122222  0.277778     0.666667       1500.000000   0.5197669812  6.9785631280e+04
  5  0.122222  0.300000     0.555556       1500.000000   0.5764780485  6.1725955057e+04
  5  0.122222  0.300000     0.666667       1500.000000   0.5197669812  6.9785631280e+04
  7  0.166667  0.277778     0.666667       1500.000000   0.6153274996  5.4385400638e+04
  7  0.233333  0.166667     0.666667       1500.000000   0.6165388086  5.3983518048e+04
  7  0.277778  0.100000     0.666667       1500.000000   0.6170921327  5.3129690877e+04
  8  0.188889  0.144444     0.666667       1500.000000   0.6087779454  5.4981203188e+04
  8  0.211111  0.122222     0.555556       1500.000000   0.6173357274  4.7033170094e+04
  8  0.211111  0.122222     0.666667       1500.000000   0.6126935733  5.4907598622e+04
  8  0.233333  0.100000     0.666667       1500.000000   0.6151896343  5.4502605125e+04
